3533607845
913648748
5596845210
1006229111
4425756686
5799788211
7466012537
5909057215
3087751023
5075266140
3508515233
5916524736
3603614125
4511396377
1230143122
3076712813
3500098464
4903473735
1420031657
811863648
4836427840
1483573424
4140129260
4673351213
2208585478
7492542332
4514113561
4306175489
7797699489
7421889908
4085571558
1047484540
6088333012
3134362485
3385687443
8144676810
5760418478
6834288430
5775231663
2118249211
4071225316
2362536217
2496052520
5658029730
5461294218
3665119156
3356613520
5700020390
4190012914
4276991997
5677360292
3036634473
4015299550
2504654634
4575155744
4481731606
1902918370
3523306403
5932070082
4835112512
4484932630
2683511615
3393812372
5891102909
4252833786
5861964985
5297171062
3771758016
5679666852
957000305
4152247278
4714220593
6781869351
787936861
4643637288
4887731782
4840303680
7074389835
2776347978
7254731104
4805642300
2869747029
2065812725
2461608228
4618300966
3513579426
2347486999
3953421270
4687568429
7189179736
4155702255
4168573424
7170185558
4000037340
7196939097
6432315134
5048376409
4910539336
2917520219
3699999160
3957008342
4651541034
4115398634
2934384989
3745430974
3144875382
4221850102
4922640970
4198506484
3842405833
3692040631
3957581270
4852059201
6159501021
4720195634
7383120752
7492682109
4887834182
4344171525
6284479212
4162027503
5177438824
7414237555
4697313839
2205190406
5843373752
3591515563
4256568826
4758805558
6831589165
2865348437
4414574605
2513435435
6484237060
5035538519
1048545404
6815015723
1489339569
1943723238
4932286539
3846279626
2399717662
3863931852
7057695561
5981818568
296658979
4152992750
2475181862
2748273479
4857422914
6714836768
3933545940
4663206955
3502716832
4609544740
6664601882
3858971595
4832912959
4296427519
3096793456
1815452887
7439200118
5316814968
4548141086
5417421957
5758832813
4136038892
5473986188
4221404150
2909703002
4964739151
6233680102
1946518759
4734427699
3199746941
4181877233
3405025685
3643887537
1614105792
4624061990
4117226986
3799833540
3461627803
4391650826
4085564390
6032163022
3970849753
3871256013
7073198410
4030495711
5998175434
4538437660
5387068033
4694938670
4005630428
4880838213
1705057483
3926558676
787754077
3300639624
3522733475
3756921279
5407993988
3701380536
3104569201
6392183033
3754696638
6579249423
7364171117
2351593240
4795890235
7093708621
6004340939
4240036345
3619077039
4412400653
2471044901
5895505598
2989959012
855514212
4642054185
4350481413
7530741633
3724496827
1020076664
3002825573
7697891220
4045323745
4034752992
4586126882
5098956895
5240759407
1539721398
6824401708
6134004955
7242335583
5483326092
5066116699
5436504711
1876614879
4479423509
6192504545
2063344373
5295551606
4961897550
2260551949
5484295309
2896888152
6304041711
6959894333
5601129114
4303096832
4392112651
4559743518
5580626072
2240417034
6473165059
4619395622
5832337590
2821737296
1442595499
4893798982
3555598759
6974210878
5830503606
4168130032
3560834472
3141170038
5098200671
4891813446
1710445259
1323097245
4993275986
5611996828
5403790467
1083474561
3984628698
4681317933
5206913132
5188657769
2741594949
2355056919
5001198675
5867338426
3412526485
5572640919
7571748229
3819130311
2997791077
1063765629
2880098646
4137703916
6586996496
4153321966
6265954026
2033377009
4625861670
2876482902
4843967040
1304830106
4407054348
3562404776
1074179711
1135434374
4115831274
6087830741
7477197179
7048778567
3919785938
7584855431
5379009152
5893832894
2563067697
4538079260
5124425826
3644025266
5234899055
6156048605
5895638206
5751114924
8352640483
7477375355
5459787402
4478396949
4209076724
3815923654
4010940381
3277995910
5483933837
3595381675
2106497786
5197812330
3720265658
5213475436
5582916248
3972815832
7794613664
2360348952
3091013999
3570507177
3467133340
4906200136
2150212351
6060990674
5810401972
2343722774
3462614940
2171393281
2653416251
2929356124
3681248694
3179366778
3789172675
6789404457
5157628006
2476471590
2672278334
3185350010
2603864886
4240449016
5225435758
4823265854
2503910697
3252223362
5495698575
3243190657
6554445580
6051977936
6944760123
4202281460
6380047607
3239964033
3473920925
1317806236
2407571230
4591222306
6083089620
3934102996
3950025686
3840198089
3494649247
3249373570
6205014755
6279269099
2771103561
5551356565
4297266175
3207037821
3897593807
3712830906
1415580328
4895571527
7113537359
2911091034
2454270243
3227528063
5748762285
6082100948
6043975888
5737141931
3218825599
2059001077
3561813927
3616062382
2639914810
3639613361
6595681041
6828071725
7718042007
6733917474
4078462437
4598740003
4847751233
3735493052
3710983098
5898847934
3729764796
3872285133
3054861163
1007784567
3363561360
4702110767
6259394282
7365679981
3673986997
4947230797
4818091069
6440738047
2642352442
2833405265
3959232471
3540014501
4711818800
5703238823
4476150292
4405201420
6107331287
3659173811
4421719054
3082697071
4314748929
6020379853
3487215518
6837773103
5949359300
3154587511
5770557615
7918519727
7243970399
4008724445
3754059199
5248787056
2991173988
3309452169
3621257646
3035674472
2464921893
2987672931
6013437132
3471444381
781814365
6222621925
2355426072
2119783164
4486359062
5580369048
3930508756
3166296441
3986000858
3901457872
4920217673
2993608548
4505091096
7808121762
3963059160
6505599750
3888624591
6715984160
6922752825
3186312059
7450081655
6069727442
6571021070
5972767431
2553939247
3133567348
3609443246
2617808695
4602027555
4120792555
4605857828
4226594807
2625011000
5352948349
5435248263
6283121900
6342486259
2873184597
3174791033
3900712912
5713109160
4743953972
6388287737
5461898890
6183526112
3079389550
5145282148
5992972489
6492120837
4596620835
3854068683
1877606623
4926913611
3721893307
5239454832
3959865303
3972847576
5625685662
5594805914
6086915797
4758536246
402575407
5603351195
3580749738
4187353586
4359969287
2369005337
5804315314
7637790093
911964268
5606383772
4167366640
5693452453
4416664077
4975559760
2946209118
802061919
2143782143
4525690906
5543161492
2259065100
6300792046
3988424666
7725335448
2400763165
1369242274
4230489592
2137705726
7021407044
1499618482
6800716586
2680410943
4050132962
7511333759
7571466118
2850919763
3631735728
936816238
1654358724
1195069069
3582373290
5174468712
3885255630
3672655285
4774282296
3297077128
7569080197
2937566045
3435029401
4573482016
6038543567
3251953026
3310996362
2005437167
4012318686
5135073379
4745412661
1268310679
5867770554
5581397657
5030674007
5091497054
6598028562
5258032242
5739988140
4618149925
2633297720
5501601422
5563503766
3514041762
1051548796
3704508345
123760142
1811104983
5703759527
4270461436
5950330565
3910164433
6023510221
6484546820
5534434963
3498218400
2880676694
3657583027
6737068322
5509816975
2759735624
2134719741
1802257110
3528149412
1737521870
4333660676
6364090614
2820163919
6505081094
3057193323
2353849624
7401334641
6534265610
4259869179
3850586058
5489811086
468301879
5254401649
5356958845
4889570885
3721863099
5667185315
1478911663
6633412373
2930930524
3898307023
4994738258
7080106827
7576285575
4855839298
3183980923
6990870337
5507110543
4604689956
2740044614
1815358679
2753324871
7764572573
4352713734
4726784563
5892726974
4642665001
5744822955
3621907886
7102498638
2590220084
7393295216
2409771294
1959826153
4208970229
3754653119
4855239234
5631921310
1126772357
7239662942
1106889347
3030904168
4817358397
1857882845
8448877038
4732271155
7089989964
2625790776
7362957165
2498490153
3393010068
5990106825
4828927550
501403195
1621886657
7359985005
5820135605
1984338155
7841796006
4143688685
4663211051
7198511450
1809665751
5764591278
4851960385
5433846918
5374888576
7706819478
2890905432
4093900263
7535492993
2604993845
4887954502
4620544038
3847826890
2608261942
2881742679
2577859378
4160853487
4299134976
5392950402
3305278345
4380096521
3541322149
1940486886
5895338686
3865613772
4421993998
3256479619
2740704582
4039486432
5108584032
2581231922
3240368001
5382700673
3569819560
4067057636
4355639302
7116376399
1686141640
2326847253
6800155434
977423475
3454541723
3321706891
8144446922
6333254898
7287820644
4983270993
2899824473
4901635655
5293164662
6290177261
6761457445
7003912514
6709923103
6143993051
1931420901
4538476060
3902183888
4929496651
5385195649
3947989973
5460226698
4464345619
2383553308
1741433550
3266843013
2043163890
2927894876
5650172065
6672530714
4345857541
6410652923
2633800505
2045620979
5375570560
3309788041
2584799539
5201080939
1440740523
1042487419
3113153395
4844517952
4526543387
5258559602
4259968507
3189821307
6811077419
3818196934
4420613134
3426577303
3700480440
4993698387
3247171970
4166816752
2368537881
5341097596
7235263837
871072871
2915863898
3205823357
3635463601
2843705170
3688279479
6322779377
5768572079
5667931299
4984579665
3446069145
6535940874
4979922000
2563750193
3087590255
3333644685
4337315333
1016407672
1925536485
4176164337
4297249279
4050792418
3141892470
6439650047
2768682313
3168145785
3084551535
4059351011
6639006999
3382185362
6383581944
1706363082
3135338357
4378289161
802182751
1583956668
6884606772
1536905910
3491471263
5793168049
2283820815
6821190956
2555433263
4202866676
4518803482
7924482480
4379455497
3658895795
3008192358
3116580723
6333789426
4042978272
2021085936
4414642189
6521120520
2785792331
3849490890
4783720505
3323576203
6359361781
3255064451
3856241611
1929069285
5799099058
1780082388
6271056619
6362116853
6449808640
3267920773
5516982929
1314113691
4561471007
3477957022
4820440125
1082477184
5224089710
8154635211
6357698805
6704855326
4332174852
6536238346
3151484278
4432399887
3298374025
3382597523
3716709818
1247137427
4976598608
2147541759
7850950567
2934143837
3679585718
3720608186
2289146127
3428011415
3650610610
3558136744
6287299308
2613480759
1564852409
4383623177
3926401491
5335577723
6074848979
1507654323
3654781363
1619281600
4205733364
5191941226
1730546893
5408113796
3449269658
5568153239
4182960626
5792770738
3527799204
4665628716
4213531125
6823460141
5202275435
3878795213
5231130223
5582075032
4584793634
2708872514
3621790127
3003504997
3020362599
4484910613
4267632124
4496386071
2473180454
3294333320
4390405643
1773379282
3597247403
7957582259
5849186488
4610441765
6491341573
4262600700
4352627718
6570970894
5548416149
1488058032
7125369680
658948686
4169215472
4301511167
6014159564
1951408872
2095479545
4521789466
4817939518
4195773939
2607366454
5630509214
6352611572
7811032482
5225366638
2723299651
6495125253
7623590283
5391531650
8095059908
3796822979
467355703
5425001094
6495118086
7486175611
4058102754
2392072476
3261071235
911219308
5537749139
4430432783
2122525436
6450616576
2897305432
2513103658
7164026709
2785193803
6134501082
5026286166
5997517514
3767641024
6736030498
6312075503
2863784276
2537598253
5678722212
5140181604
7173616982
4220457974
5460368522
4389157899
3258486660
5475931276
4814894653
4822057533
4409963533
2500783401
4701829167
5841404087
6524265737
6010888907
4095222759
4633557543
4560706590
3073060717
7046855495
2292394768
7389536624
7520590207
6663994137
4037417440
3784519106
1383979172
6131246298
4936335435
