3533602725
913626731
5596838797
1006229111
4425707277
5799738751
7465990125
5909048831
3087718127
5075236855
3508461471
5916524542
3603594989
4511394301
1230143085
3076712299
3500090272
4903456191
1420017303
811859551
4836425727
1483570862
4140104671
4673334571
2208583422
7492533754
4514101209
4306170873
7797698047
7421885422
4085571518
1047445115
6088316367
3134354235
3385686911
8144673785
5760417646
6834288031
5775223295
2118244063
4071225307
2362523353
2496003287
5658017694
5461241802
3665100671
3356613502
5699987325
4189978591
4276989949
5677341531
3036589887
4015291358
2504654494
4575116798
4481726451
1902885567
3523305311
5932056575
4835105790
4484883437
2683502335
3393779455
5891096445
4252831738
5861928879
5297126878
3771757311
5679607134
956986991
4152212414
4714186745
6781861783
787934813
4643618783
4887721981
4840287230
7074381239
2776341318
7254730751
4805607356
2869746989
2065808623
2461590812
4618299389
3513579422
2347486975
3953387382
4687568379
7189167102
4155701215
4168573375
7170176982
4000030646
7196938237
6432292862
5048343551
4910530559
2917461755
3699997111
3956971478
4651538933
4115398633
2934371549
3745414011
3144873710
4221817326
4922604969
4198498286
3842373055
3692035503
3957522366
4852018169
6159484379
4720160751
7383080382
7492648957
4887796662
4344167423
6284441082
4162027455
5177404900
7414218731
4697270703
2205187835
5843369455
3591499127
4256563183
4758763438
6831588763
2865299245
4414570443
2513434399
6484196860
5035532247
1048536187
6814955995
1489330783
1943665382
4932286459
3846262202
2399713021
3863928747
7057694153
5981797799
296648223
4152992734
2475144982
2748248759
4857389053
6714833919
3933545391
4663148455
3502683903
4609540059
6664601561
3858948011
4832912895
4296427519
3096788222
1815411311
7439199734
5316777848
4548132862
5417417669
5758812029
4136038332
5473948522
4221403125
2909667159
4964739023
6233645029
1946477279
4734418735
3199729533
4181851583
3404975871
3643866973
1614101152
4624059894
4117165533
3799833467
3461611263
4391629823
4085562339
6032162749
3970809813
3871243501
7073193978
4030461919
5998116806
4538433436
5387051391
4694933422
4005629820
4880821691
1705049767
3926558642
787741789
3300639615
3522721119
3756916671
5407961076
3701364140
3104569199
6392119289
3754663803
6579249135
7364145133
2351593215
4795889143
7093708221
6004326347
4240031737
3619057567
4412400619
2471034589
5895470526
2989948731
855514194
4642021337
4350471167
7530739711
3724476347
1020059247
3002825565
7697890767
4045274577
4034719103
4586110426
5098954719
5240714175
1539702454
6824384503
6133970903
7242301439
5483323275
5066116059
5436465095
1876557503
4479384559
6192492537
2063335151
5295538165
4961894382
2260532973
5484281709
2896887543
6304036335
6959857149
5601128954
4303080447
4392074751
4559724030
5580584943
2240412927
6473162747
4619386131
5832337269
2821733055
1442593403
4893798374
3555581311
6974210045
5830503405
4168080879
3560832223
3141132150
5098192319
4891795454
1710423675
1323097213
4993241086
5611961211
5403789307
1083440767
3984628686
4681301469
5206896571
5188616181
2741566269
2355019543
5001182031
5867338170
3412521869
5572640751
7571745781
3819093375
2997790565
1063761533
2880043309
4137703868
6586985936
4153311213
6265942005
2033376989
4625852414
2876480702
4843966462
1304820887
4407033847
3562404711
1074130559
1135408766
4115789274
6087829437
7477190651
7048752639
3919753165
7584855039
5379006460
5893832637
2563034879
4538068956
5124409182
3644021146
5234882543
6156048347
5895613374
5751111659
8352627707
7477374971
5459770239
4478396909
4209072111
3815890875
4010934237
3277979526
5483900791
3595381627
2106453750
5197786602
3720265646
5213442043
5582907900
3972814807
7794605055
2360340111
3091005119
3570506455
3467115930
4906199031
2150211327
6060990413
5810352028
2343689966
3462614903
2171387647
2653413119
2929343740
3681213878
3179347322
3789172479
6789402103
5157617659
2476457759
2672277310
3185340150
2603864811
4240440308
5225411053
4823252413
2503909097
3252222846
5495676799
3243169663
6554444796
6051919312
6944759803
4202274803
6380044255
3239959295
3473920893
1317795963
2407522078
4591221533
6083088340
3934102484
3950024659
3840147197
3494649215
3249373055
6205013947
6279265771
2771087047
5551355855
4297256959
3207036797
3897589695
3712826298
1415572056
4895538087
7113531375
2911091030
2454253787
3227515775
5748749309
6082067923
6043926463
5737141243
3218784127
2059001053
3561811815
3616045917
2639910703
3639602911
6595672553
6828063197
7718041559
6733889534
4078427615
4598722467
4847751103
3735486327
3710983029
5898845182
3729742204
3872260029
3054853823
1007775343
3363561214
4702109615
6259340778
7365679579
3673980667
4947214283
4818091005
6440737791
2642335999
2833366225
3959224191
3539989333
4711808495
5703204775
4476150267
4405198839
6107324407
3659132847
4421710846
3082680559
4314748927
6020373371
3487166206
6837764095
5949357026
3154570975
5770506143
7918517247
7243968447
4008689629
3754022335
5248786239
2991172927
3309419381
3621256958
3035674343
2464921317
2987654395
6013383679
3471410941
781811291
6222618559
2355425016
2119783162
4486354926
5580348286
3930454763
3166238575
3985997694
3901453775
4920180535
2993608419
4505067470
7808120797
3963023092
6505594878
3888623343
6715983871
6922751453
3186293487
7450048511
6069682095
6571020283
5972729791
2553936623
3133538154
3609394078
2617800495
4601994751
4120784247
4605853599
4226543487
2625010927
5352940029
5435207167
6283064287
6342469619
2873150805
3174790905
3900702670
5713100767
4743953844
6388287481
5461898750
6183517151
3079389037
5145280467
5992939455
6492120063
4596595679
3854041023
1877606111
4926913515
3721892783
5239453678
3959816119
3972837112
5625683421
5594805247
6086915453
4758536095
402566703
5603325911
3580745565
4187352959
4359943679
2368988921
5804314545
7637762047
911931487
5606334331
4167366622
5693452125
4416634875
4975558648
2946200893
802029151
2143780095
4525686554
5543157740
2259048684
6300790749
3988422618
7725301720
2400763101
1369239121
4230479863
2137704190
7021385724
1499585713
6800670119
2680410943
4050100094
7511277567
7571463678
2850880331
3631733599
936816237
1654324860
1195044479
3582352295
5174452180
3885230014
3672652655
4774281207
3297066870
7569079779
2937565915
3435003769
4573481951
6038543231
3251951357
3310993290
2005400255
4012310462
5135073119
4745396221
1268308623
5867764217
5581373429
5030673719
5091488573
6598027262
5258015598
5739953004
4618117019
2633236207
5501592555
5563494397
3514039522
1051539039
3704508343
123727373
1811072111
5703712247
4270445047
5950272383
3910123453
6023509959
6484513790
5534381439
3498213212
2880672598
3657563567
6737035258
5509799919
2759700287
2134702845
1802239678
3528124126
1737521837
4333630975
6364069878
2820130047
6505076709
3057185127
2353848063
7401296873
6534258053
4259867131
3850586038
5489753469
468301855
5254343613
5356945263
4889509373
3721846687
5667183075
1478882927
6633357205
2930929499
3898274239
4994694954
7080081919
7576281087
4855838202
3183935327
6990855679
5507053055
4604689188
2740040445
1815358679
2753298111
7764570077
4352697339
4726782387
5892718523
4642664937
5744805375
3621904302
7102463997
2590211887
7393294844
2409758463
1959783145
4208969979
3754653119
4855234559
5631885309
1126760037
7239614462
1106889343
3030890302
4817354743
1857866429
8448860158
4732221235
7089979388
2625747759
7362936279
2498486055
3393009994
5990105033
4828888573
501395003
1621878397
7359983615
5820100597
1984329435
7841775613
4143688685
4663208939
7198502874
1809661559
5764546414
4851955711
5433846774
5374863864
7706816510
2890905295
4093898687
7535492577
2604977333
4887936805
4620543995
3847815102
2608260918
2881683159
2577857325
4160812527
4299126776
5392950271
3305241463
4380065671
3541286261
1940486774
5895331838
3865574860
4421974926
3256479487
2740702405
4039442399
5108530494
2581231357
3240367999
5382667775
3569819364
4067049330
4355637237
7116375983
1686108855
2326839039
6800122358
977382515
3454508923
3321689983
8144444413
6333235167
7287787486
4983254479
2899820333
4901633319
5293144051
6290175933
6761452541
7003897786
6709918623
6143991807
1931400413
4538455516
3902142927
4929459627
5385191417
3947954109
5460180863
4464312319
2383520539
1741433535
3266838395
2043150061
2927886079
5650114527
6672529405
4345854971
6410648571
2633759543
2045618911
5375569918
3309755127
2584796911
5201064447
1440740519
1042480251
3113152239
4844517695
4526541263
5258543087
4259954171
3189796719
6811023835
3818180543
4420579310
3426572151
3700471732
4993640883
3247169407
4166811612
2368535797
5341097454
7235263421
871070815
2915863382
3205823229
3635463551
2843705167
3688261471
6322779103
5768567791
5667913563
4984577361
3446046589
6535905273
4979883967
2563735279
3087589119
3333610877
4337303551
1016397431
1925535453
4176149999
4297228287
4050776030
3141858549
6439615999
2768665911
3168141119
3084548975
4059348959
6638990287
3382181106
6383581175
1706358905
3135305439
4378288007
802156127
1583932028
6884606459
1536897710
3491430303
5793118701
2283787983
6821171199
2555424495
4202856415
4518797294
7924482047
4379439095
3658857907
3008151285
3116580715
6333726706
4042914783
2021080767
4414631931
6521094140
2785787195
3849486282
4783718383
3323559803
6359351261
3255039739
3856199627
1929067231
5799082462
1780078258
6271004651
6362115567
6449808382
3267886981
5516943313
1314113179
4561469439
3477952734
4820423677
1082440316
5224087358
8154626047
6357694453
6704855031
4332174334
6536227838
3151459646
4432395759
3298359679
3382562699
3716677047
1247133311
4976589630
2147541759
7850949607
2934136573
3679584173
3720605103
2289137919
3427969943
3650609071
3558128508
6287298555
2613477111
1564794997
4383571965
3926384371
5335571455
6074793843
1507647083
3654776239
1619263167
4205731823
5191891967
1730543295
5408072703
3449252695
5568134647
4182956017
5792724969
3527784858
4665622431
4213497837
6823459831
5202242539
3878776575
5231116271
5582073846
4584759282
2708863678
3621780911
3003501887
3020353255
4484906895
4267628027
4496359383
2473164518
3294332807
4390385151
1773371086
3597205367
7957573611
5849186295
4610440693
6491340285
4262592507
4352617470
6570962414
5548407765
1488058014
7125368812
658947646
4169201647
4301501951
6014156667
1951398524
2095446777
4521787386
4817939454
4195745267
2607348982
5630459741
6352609263
7811022815
5225349119
2723265851
6495075779
7623573499
5391507455
8095006196
3796818879
467319839
5425000310
6495109062
7486169083
4058083263
2392063260
3261071103
911201899
5537724395
4430428159
2122524412
6450610172
2897280847
2513073919
7164001261
2785173223
6134492633
5026283446
5997492670
3767590782
6736027617
6312067055
2863726418
2537594155
5678718884
5140119518
7173614550
4220451827
5460327287
4389142475
3258478308
5475929994
4814893051
4822040573
4409961451
2500779237
4701806575
5841354719
6524222409
6010888119
4095212519
4633509887
4560681886
3073027949
7046822391
2292381424
7389511646
7520581631
6663954431
4037416894
3784513471
1383970467
6131212269
4936335351
