1001101110010000110110000000111001111001111101001111000110101100
1111011010100001010110011010100011010000010001110011000001100011
0100001101010010011100101011100001000101110001001011011000011110
0011000100000011001011000011111010100110011010000110100100010110
1101000011101110010111000011001101010110100111000101011011000101
1111011101101011100000100110001011101101100101011110000100000000
1101101101110000011000111010101010101101010000101011001100010111
1001000111101101000110011000011100101000001110000001101000111001
1011010100010011010110111001110110111111000000101010101100111110
0101011110011111010001010010011101101110010000101010000110001101
1101111000110110101110101011111010001100010010001110101011001010
0011010010011100010111101010000110100110100001110010100010101001
1110011011111010101010101001101001001011010011000001111110101111
1011100110100010101111100001001011111001011110011111001100100101
1011101000010110010000000001111000100111111010100000000001101100
0101101111111110110011010001101110111100011100111001001000010001
0100000011111011011000100110011100101110001000011101111101110101
1111101111100111000001111000110111101101111110100000110011001011
1100101111011100101000010010110101110101001001000001000111001111
1111010101110101010011011000111010010011001001110100101010000000
1110011111000001111110101011001000011000001000111001011110010100
1000010001110110001010100001010000001110110000101001000111011110
1100000011110110111100110110110000010101010100010000000010011101
1110111100011000000111110000001000000010001010010010111011000101
1010000100100101110000001101001101011111101000100100100101110110
1110111111100101001110011101110010100001110001111011110101110110
0010100001011100111001101100001001001110000000001111010110111111
0111110010110011000001000111010011010100001110000101010000001100
1110111111011001100000111101011001000100100000000011011100100101
0010110110100101101110100100100010011110011000001011111111101011
1111100111111101001001101100100110011010100111100001101100100111
1100101111000011011011011110011011111101100010111101001001000010
1011010100000111100001010000011011000011000100011000001000111011
1011100010001000110011111010100010100111100100111010101010010101
1111010011100110010110111011111100100110000011110100101011001011
1110100110110010110011000010001101101010110110111100011010011010
1000001101010000011100111010000001110000101111000000011100001110
1010011000101110011100110110110001110110101110010111110100101100
0111111111001100100111101010101100111110000101000010111101111110
1110111011001100010101111100011101111000111110110011001100001011
0100101000101100010001101011110111001100111111100000110010100010
0111011101111000101110101000100100010011001100001101110010110101
1110110100101010001110011110101000001000101110111100011010100001
1100110100110111111110011111010011111001100001101010110111010001
1110101011110100101011111010010011100101010100011111010000010000
1111001011110110110110111101111010100111101110000010011011011011
1101110110011101011001110101101000000010000011011010010111011101
0101011100000001100110000011000111010100111111100001101000010011
0111111100111000111101110011010100100000101000100000000101001100
0111110111001101001110101011110000110000101010001100000011111101
1000001111001001000010101001101000111100101101001011001000010101
0110010010011111001001000011011110001110110110101100011011101001
1101101101010111010100100111000000000011100100010010111110010000
1111111010110101001101111001100000100110000011111000000010011111
1110001010110001110010001011101011011011001110101111100111111000
1110100111000100110101000111000100110010101100111000011101110011
1111011100010100011010100110010001111011010001111000001101110111
1000001001010101001111011111001010111100001110101011110010001001
1110100000110111010001010000011111011010101110011010000010010010
1010011111001111110001111011100010001111011111110111000010001000
1001000011100001111011010000110010110000100101011001100000010000
1011001011001110001001001110110100001111011110111101000110011010
0111111011000100110010011100111000110100011110101011101010111010
1010011110110000100000110000101000000111111101101110111001100101
1101001101001011011010001110111010111110110010100101110110001111
1101011111100111001100101011000101100000111110001010011111000001
1011100011110011000100100110001101111001110110101110100011010100
1101011000110110101001110111000100100100110010001011101111011001
1001100101001101001000011011001111100110011110010001101011101010
1010110101100011101110101110101000100110000110100001100001001101
0101101111000000110010100110000000100100000000100001110111010000
1000101001110001101001100010001001111101111110110001111011010001
1001001010101011110100111101101001100101001011101101010100000111
1011111010001000011101110111110010100110101100010101111001010110
1100100011010010010010011110010000110011111101001011011110111100
1110111110000100000011111110111011010010100101000110000111111011
0101100000010110011101000101111010001010100101000100111111101101
1001111110101001111110001110011010100110011111100110010101101110
1010011100011100001101001101000110010000001001110110011110111010
1011110111000100101100100010010100100111111110110111000110111101
1111100110100001100001101111100111101010101101110000100111011101
1000100111001100000010100110001011010000101111011110011100101011
1001010001011000001001110110111010000100001111001110100101000001
1001011011101011010000111101010011100011001001100111011001111010
1010101000001110111001111100101001100001111010000111101010000100
1111101011110000000110010100100111111011111100110111001100111110
1101001010110100111000011111101001100011110111110101111100001010
1110101010100011010000101000100100100001000011110110100101000010
1100010101101111010111000110010100111110111011010111010111001000
** VVP Stop(0) **
** Flushing output streams.
** Current simulation time is 179 ticks.
> 
> 
> 
> 
> 
> 
> 
> 
> ^C^C^C^C^C^C^C^C
> 
> ^Z** Continue **
