1111101110111111   0001001111110100
1101011001100111   0000100000100011
1111100000110111   1111011011010110
0010011110010101   0010000100001000
0001011001110110   0100101011001110
0001111001110001   0000000001101111
1110110101111000   0010111011111000
1111111011000001   0001101001101101
0010101010011111   0001100110100101
1101100111110110   0001000011110011
0001000110010100   1111100100101111
0000111101100010   0001110001010110
1110011001100001   1100001111111100
1110000110011001   0100001100111000
0000111011100011   0000001111100001
0001011100011001   0001011110001001
0000000000000101   1101101110011110
0010100100001111   0001000111001001
0011111111110010   0001101111001111
0000011011000100   1100101110001010
1111011001001101   1011010111001010
1111111111111110   1010110011100011
1110001001010010   0010010011101010
0000001011000100   0010001111101011
0001001111001000   0000011101010110
0001110011001110   1011101000001101
0000110000000001   1101111110101011
0011010100100000   0100100011000111
1110101111001101   1010100101001000
1101000101110010   1111011110010101
1110100100011101   0000110101110100
0101011011011101   0010100010101100
0001001000110100   0001000101000011
0000101010111001   1101101010100110
0001011010011000   1111111111000000
1111000111100110   0000110011010000
1111010010100111   0010110000101101
1101111110001001   1010001111101011
1110101000001101   0001000011111101
1100110101111001   1100011101011011
1110110001111110   0001110110111110
0010011100101010   0011010001001110
1100111110011011   0010110101111010
0001001010001100   1010101011001110
1101011100100001   1111000101100010
1111011001011001   1010100001110010
0000000110111110   1111010011011100
1101010001010100   0000101000100000
0011000110111000   0001011110100101
0100000010011001   1111010010010110
0011001011100111   1110000010100111
0000101110110101   1110011011101100
1110100001111111   1011100100100000
1110000010000011   0001111011110101
1110110110010100   1011101101100000
1111011000110011   0000110010000000
1101010100111010   0011010010000111
0010000000111101   0000011101100010
0000001101100001   0001001111010111
0101000000110010   1110111100110000
1111111110110110   1111111111101111
1111010001001010   0001001110001010
0000010101011110   1100010100000110
0101101100110101   1111001110111111
1110111010000100   0000001000101101
1110111111011011   1100100010001100
0001001011011001   0010010000110111
0011001011100001   1101000111101111
0010101111101011   0001101111001011
0000011011110001   0001111101101000
1111110001001111   0000011110010010
1101011110101110   1111000011011101
0000001001011101   0000100100000110
0010101001111011   1110011001001000
0000111001001010   0011000111010010
0001000111101100   1101111100100011
1010101001011010   1100101110001101
0000110111001101   0000001100111011
1001111000111101   0001010000111001
0001000000101000   0010001110110011
1111110000111110   0001010011001011
1011001111111110   0010110101110000
1011101010011100   0000100111100010
1011111000010101   1100101011100010
0010011010111001   0010111101000001
0010101111110101   0001110000000000
0010010000110011   1111111111011111
0001001001100111   0010001010010110
1110010111100001   0010011011011001
1111000111011110   0010001100100110
1110111111011111   1111000100111100
0001010010110100   0011001000000010
0100110110000110   1101011011010010
0001011100111001   0101001100101100
1100111110110011   1110111100010000
1111011011001011   1101011010001100
1110100001001000   1110100101011110
0010000111110100   1100001010001101
0011011010000100   0100000101101010
1100100001100000   0101000010011100
1110100000111101   0000000110110000
1111000011100100   0000000100011001
1110010000010010   0010111100100011
0000000011100110   1011010101010001
0001000101101001   0010011110001010
0010111101010000   1101011101101101
0010111010000001   1101011101101011
0001111000000011   1100110111001101
0100100010011111   1111000010110101
0011000101010100   1111101111101100
1111010000011101   0011111000110111
0000001111111111   0101110000011101
0001111101010110   1101010101000000
0010010010111110   1111011001100011
0001111110111100   1111111000110001
0000111110010010   0000011110100000
0010111100101000   1111010111111001
1101100010001111   1111011111010001
1110011100001100   1110010011100111
0010001010010110   0010010111000011
0000100111100011   0001100000110111
1111111001000101   1110000101011010
0011111100111000   1111100101010101
1100010101011101   0010001010100010
1111110000011000   1111001010101001
1101101010001101   0011001101011011
1101110000011101   0010100010111010
0000100010101010   1110100101110001
0000101111101011   1011000111100111
1100100100100011   0000011011111100
0001011010010111   1101010101001101
0011100010001011   1111110011100011
0001000111101001   0001000101111111
1011101000000011   0000111111111011
0001110010111000   0101100010000011
0010011100100101   0010111000111000
0000011010010011   1110000000100111
0010110111010000   0001000110001001
0010010001101001   0010111110010101
1110010110100111   1111001000101111
0011001000001000   0010011101100101
1100101011000011   1110011011000000
0000100010110111   1100001000001110
0001001010001011   1100101111100101
0010010110001100   1110110100010111
0101010100011011   1101001010100111
0011100111010010   0000010100001000
1111011111010110   1111000111100111
1011010001101101   0001010111111111
0001010000110111   1101000101010100
0000111111011010   0100010101100000
0001010001101000   1111010010010011
1111011000100100   1110011010110000
1111010111000001   0000101011011101
0010111001001001   0010001100000110
0010010011101111   0000100101101111
1101001101001111   0010001010100100
1100110111101111   0010000010100110
1110000011001000   0011010100101010
0001110110110000   0010001001111100
0000011001110101   1110000100110010
1101100110001010   0001101100011110
1101111101101100   0000101010010000
0010111011010111   1110001111011111
0011111001111110   0000111101001111
0010000000010100   1101111000110011
0001010011011101   0001101110111110
1101010001010001   1101101000100000
1011100101000111   0001101100010101
0001001111100001   0010110100011111
0000000100010000   0011011101100000
0000011111010101   0010101011000111
1111110111001010   0000000011101001
1110111110011100   1110001011010010
1100110101010111   1010101001111000
0010011010000110   1101011011100001
1100111000001011   0001100001011100
0000110011011011   1111100110100101
1110001010010111   1011010110100011
0000110110100011   0010011101001001
0001111001101111   1110010010111011
1110000111100111   1111101010000000
1111011011011111   1110010101001100
1011111111101110   0000010010111100
0011101010101001   0000010011110000
0001001011000111   1111101000010111
0010101011100000   0010001000001100
1100000011000001   1100111001010100
1011101100101111   1111001101000101
0011000101011101   1100111111100011
0000110011010011   1111011111110011
1111111000110111   1111100001010000
1101101010111000   1111100101101101
0001011001100101   1100000011010100
1110101010011100   0001011001101011
0001110110100001   1110101000000011
1111001100011010   1111001110110101
0010100011110011   0000100110000101
0000011100011111   0000011101111100
1111011110001001   0000001010010100
1100101001000001   0010100001101110
1100001101100001   1101001101110010
0000011101000011   1111000010010000
0010010001111000   1100010110101101
1101001000001110   1100100110011101
1111000111101110   1110111001011110
0001000111100110   1110001010000100
0000110010110010   0000111001000011
1111000000000010   0010001100011110
1101001010111101   0100010111010100
1011001110010101   0001101100010101
0011000011011101   1101111101001100
0000001101011001   0000001001111001
1111110000110011   0100001010100100
1110100001001110   0000010001111111
0011101101011010   0000111000010110
0000100110111100   0000100000000001
0011000101010011   1110001000010000
0010000011100101   1011110001000111
1101010010010001   0011111010100101
1100111010110101   0000001110101111
1101101010001000   0001011111010010
1011011111101101   0000100001010110
1111000101000000   0010010000011101
0000111001100110   0000001110011000
0011111101010101   1110110110001111
1100110101010110   1100110111010100
0001001100000000   1110011110000110
1111001001000000   0011111011110011
0000111011011111   1110010010001111
0001101101011101   1110101100001011
1101001001110000   1100101101001001
0010001101000000   0011100101011100
1111010100010000   0010011110100010
1111101001100110   0010110010100000
0000001101010110   0001000111111011
1111111100001110   0010001010110100
0011111011111001   0001011110001100
1110101011010001   0100100000000001
1100011000110110   1111001100100111
1101011111011000   1111000000101101
1111001101011110   1110100100110101
1100001100010001   1111100111101111
1111011001001010   1110001001110101
0010110001110101   0010110111001000
0001011000000011   1110100101110011
1110110100111111   1011111000111110
0100001111001011   1110000011011101
0100001011111011   1111000101010110
1111000110111011   1110100011100100
0001000000101111   0000100000111001
1100111100010010   0001011000011011
1100100111110011   0000100110101000
0000001111011110   0000000101010011
1100011010011110   1110101000010110
1110100101001101   1111110000010001
1011001100101011   0010110110101011
0010010010101111   0000001100101101
1110010100100101   0010001100011001
1110110111000000   0000110010111111
1110010010110100   1111100100000110
1110001101000010   0010111001001111
1111101011010110   1110100000011110
1001111101000001   1111100011111000
0000101010010001   1101111110111001
1110010011101010   1100110110000010
1111100111111111   1101010010111001
0001110110010110   0101000110000001
1110010001101001   0101011011110010
1111011110100011   0001111100110000
0000111111111011   1101010000010110
1110010111010000   1110111101000111
0001000001011010   0000011100100011
1110110001110011   1011000111100110
1111011000010001   1100001111101001
1110010110101001   1111100110000001
0000010101110001   0001010011101100
0010101000111010   0001101010001111
1111110110010001   1101110100000011
1111010011011101   0101101010110011
0100001011100000   1111110000110100
1100000101101100   0000000010011001
0001101000010000   1111011110111110
1110010101101101   0011100001010101
1110011101101011   1100100110101111
0010010110010110   0000110011100001
1110000000101001   1111010100000100
0100100100111001   1110100100011100
1101001111010011   1111111010001111
0001010001101101   0001110100001110
1101110110101101   0001001001111001
0001000001000011   0001101111001011
0001100101011111   1110111110110100
1101110111010111   0101001010001111
0010010011110000   1111000111001101
1110101111001110   1100010110010010
1100101101110010   1101111111010111
0010111101100100   0100010001101010
0000010010111100   1100011010011000
0001111101001001   0011010010110000
0001001100111000   0000001011101010
1101101010000101   0001100000001010
1111011010000011   1100110100111111
1110001110000001   0001000011100101
0011000111010111   1100010010001001
0000010010001100   1111011001000000
1110110010110100   1110001000000011
1011111101111010   1101000011010101
1110110001100001   1110010010011110
1111111001111000   0010001011001011
1111001010100010   1111101011110011
0011110110001010   1110011001101011
1110111101100111   0011011000111111
1110100110000100   1110011111011010
1110010101000110   0000110010110110
1101010011000101   1011110111100010
1110100010101011   0001110011110001
1100100101001100   1101111010100100
1111010100011001   1101001001011001
1111110001101101   0000010010101011
0010010111111110   0000100010110011
0001010101000100   1110001110010000
0001010110101000   0001101001101110
0001010101001101   1100101101101000
1111101111110100   0010101101010001
0010100100001010   0011101111000110
0000111011110011   1100110011110010
1101001110110100   1101011011101110
0001011100000101   0100000000001000
1100011001111001   0000011000011110
0011011111001000   1101110000001110
0010011100000000   0000100001011101
1111111010001011   1011100010000100
0001001101101100   1101110011010011
1101001111001111   1111001111111011
1101001001010100   0000101010001100
0001010101000100   0001100110100100
0000011101101101   0001000001111100
1110010011010010   0001101001100110
1110110101011110   1100010010101010
0000100010110111   1110011101100000
0000101010011010   1110010011111010
0000010111111001   1011111001111101
1110010001011001   1110100101011010
0000110100110001   0010011000010111
1111000101000011   0001011100110100
1110010110010011   1111100110111000
1110100101111010   0001001110001110
1111100111001101   1111111000110100
0000011000011001   0001001110000000
0010101100010101   1011001010110101
1111010001111110   1110111010110010
0010011100010111   0011101000011110
1101111110001000   0000111100111011
1111111000001100   0000011011011000
0000100011011100   1100011000000111
1110100101110001   0000001010011010
0000111010010010   1111010011011100
1110011111000001   0001001100111101
1111100110101101   0000011101101110
0101000010011110   0001110011000011
1111110011000011   0000000011010001
1101101011100100   0010101111010000
1111010100100110   0001110111001000
0010111111101100   1100001010101111
0011001000111100   1111101011101011
0000010010010100   0010101001011110
1110110110111000   1111111001111111
1110000110001001   1100010111010010
0011011000011100   0011010000010010
0000100010100010   1111100100111010
1111110001110111   0010000011010011
0100001110111100   1101110100010110
1010111110100111   0000011010110001
1110001100001001   1111101001000110
1100111110110111   1101000100001010
1111001010101101   0000000001001101
0000000101111100   1110100110111101
1010110001011101   1111001110001000
0001011101110111   1011011100000010
0010011011001111   1110100011000000
0000010100011010   1111010011011100
1100111110100011   0011010010101111
0000111001000000   1100110101011011
0000011110100010   1110110111111111
0100100010111101   1101001100000110
1110111101011000   1011100001010001
1111101111011101   1100111100000100
0001000010011000   1110110000001011
1111010010111000   0011111010111010
1100011001001010   1110011110100000
0000000110101011   0000001110001101
0001011010000100   0100101010000100
0011110110100111   1100001111001110
0011000111100110   0010100000110101
1101101000001111   1110010011010101
1111010100100100   1111000111010111
1111110110010010   0011010010000100
0000001110010111   0100001001011110
1110101100100101   1110000011110000
1100011111001001   0011011000111000
1101100101010111   1101111101111000
0001111100011110   1100110110000001
1111011101101100   1111010000100101
1100001011010111   1100111010010001
1101100001010010   0010100100100000
1110000000100001   0010000001011110
1011110011001110   0010000110101010
1111000000010001   0100011100001100
0000100101010111   1110011111111101
1011110101010101   1110110110110011
0001000111000110   1110100111110000
0010100110111110   0011100001001101
0011001111111011   1101110001010010
0011000100011101   0001000001010010
0001010100101100   1101101000111101
0010001010010001   0000010110011011
1110011100010110   0001010001010100
1111111010111111   1111111110011100
1101001001111001   1100000011001000
0001000111010110   1110001101110000
1100000101011001   1110001011011001
0000011001010100   0000011110011011
1111010110110101   0000100011101010
0000001011011001   1111000101111011
1111111110100001   0001010110111100
0100001101000101   0001001111010111
0010110010000110   0001101101011011
1011111100110100   0000000101111000
0000011000001010   1100000011100110
1101101000001011   1110011011010101
1100010111101010   0000101010000101
1101000100101010   0000110000110110
0000100100110001   1011010000110000
1111001010110111   1111101100011100
0010011000011111   0011100011101011
0101010101100010   0000011000010101
0010011110001101   1100010110011011
1101101001011111   0010001111001001
1100000000011011   1111111001001000
1101011001000001   0001101101001110
0011110000100010   0001100111100101
0100010011010010   1110111001001110
0000001011010011   0000111000011001
0001010000010000   0010001011100010
1111010101011110   0000011001011011
1101110001110011   1101100111101011
1111011100011101   1101100101110110
0001101010111000   1111100001000101
0011010111101110   1011111011000100
1011111111010010   0101011101100011
1101001111001110   1110110100011100
0100000010010001   0000101111110011
0011011101001100   1111101001110101
0010111111101010   1110010000110110
1110000110001100   1110110100001001
0011001110001101   0010101001001110
1110111111001110   1111100110000000
1101100010101101   1101010010111101
0000001111111100   0000001001110010
1101111101101111   1101110111010001
0000000001101100   0011110100011010
0001010000101010   0010110101100010
1111001110000010   0100101111110011
0011000101000001   1101101001111001
0010001000101101   0000100101000110
0000011110010011   1111110001011101
1100010100000111   0001101100100001
1111010111111010   1111111100010101
0000001010110000   1111010001110100
0100010010001011   1101110111110100
1100011010111101   0010000011110001
0000101011011011   0011101101010011
0010100001000100   1110111110001110
0010010100101001   1111101101000101
1110110010111010   0010011010001001
1110000001100001   0010000111010111
1011101011100000   1110111101011001
0001001100000100   1110111100110001
0000010011100111   0000011000100010
0000110101000100   0000011110010001
1110110001101101   1111001110011111
1101100110100000   0000000000011111
1110000000000100   0000000100100010
1101101100011010   0001011110000100
1110011010000100   1110010011100010
1111110111000101   1101001111011111
0001111110111001   0001001101101010
0011010011000011   1101011010000111
1010110001000110   0100000011101011
0001001010010001   0011001111011000
0000010000111110   0000110101100111
0011110111100101   1110100001000110
0000011011010000   1110011001011111
1011101100000100   1110011111001110
1101111110001110   1101101110110000
0100000000110011   0000101101010100
0000101011001100   0110000001100100
0001011111111100   0000100100000111
0010000101101001   1101110111110110
0000010010110000   1110011011111100
0000110001110010   0000101010110111
1111010110001110   0000110000110001
0000110100011000   1100001010100000
1101110110100010   1110111110000010
0011010111011001   1101100011010100
1101011111110111   1110011110010101
0011100010100100   0000011011000100
0001010000101100   1100011101011011
0010011011110100   0011000010000101
1101110111101111   0000100100100011
0001111101110000   0010000001100100
0000000001011011   0000011101011111
0010010010011000   0011010010100111
0000110111000010   0000111111011000
0010111110101000   1101111010110101
1111111001110010   0000111000000111
1101110011100001   1110110111100010
0100001001001111   0000011001110101
1101001110111011   1100010111111111
1110001111001001   1011011110011011
0000110100010010   1111000010000101
1101000100100011   0000111001010100
1110001011010001   1110000010100000
1111001101001000   1110110110100010
1101011000100111   0000010010100001
0010001110001110   0010111110001000
0000001101001100   1111100001011001
0010000010100010   1100001000001101
1101000100101101   0000000011001000
0010110010111101   0000110110000111
0010001010001010   0001100001110010
1111111001110000   1110000010001110
0000100101101110   0010110101000110
1111000100011011   1101111011001101
0011000100000001   0010111110001111
0010110110011100   0001001000010010
0000100000010001   0001110111011101
1111000001111011   0000011011111000
0000000111010011   1110110011000011
0000001001010101   0001101001011111
0010010010000001   1110100000010111
1111011110110110   1110100101110000
1110111011110011   0011101001111101
0001100001010111   0001110110000010
1101110101011100   0011000010100011
1111110011001010   0011011011010101
0000011111100101   0000000010110011
0000110100111000   1100110001011011
1111011000101111   0000001000000000
0010000000000011   0000001100100111
0001010101100100   0010000100001101
1111010101001100   0010001000010100
1111111101110010   1100111001010000
1101110000000101   1110111001011110
0000110001101000   1011100111101011
0010000110111000   1111110110011101
1101100010101001   1111000111110110
0001110001010010   0011011010110010
1100110101101011   0100010000001000
1110001110101000   1101101000110100
0000010101111110   1110111110001110
1100010111111111   0101100100011010
0011010011101101   0011111101110101
0000110111101100   0001100011011110
1111011011101111   1110101001100011
1111101111001101   0001010011100101
1111010110011011   1110000111110001
1011110101000110   1111101101111100
1110011100010110   1110010000000100
0001101001101110   0100000111100010
0000100111000001   1101011111101100
0000010011101100   0001101111110010
0001110011111110   0001011111100001
0100100110111101   0000011010101100
0011000111001110   0001110000101000
0000111001000011   0000101110110011
0000010111011011   0000100000000001
1110011001111110   0010000011010101
1101101001010000   0010011011100110
0001000000011011   1110011111001010
1111000000010111   0010011111100000
0100100100110010   0001101101111011
1111000100100100   0000010110010001
1111010010110000   0000111100100011
1111000100010100   0010011011001110
0001101100100001   0001100001000111
0100000100000101   0001001001011110
0001010111111100   0001110100000010
0001111011101110   1101100111110000
1111110010110001   0010010011100001
0001011001001010   1101001010001111
0010101001101001   1110010110011001
0011101101000101   1111010100100011
1011001001000110   0001010000100110
0010110011000010   0010000101000111
0000101110110001   0001011001101100
1101100001011101   1111100101011000
0000001001111010   1100011001010110
1111000110111100   1101100111100111
0010110111110110   1100010000101011
1110111011110101   0000000011110111
1111111101010000   0000111011111101
0001010010101101   1010100000010000
1010111011111001   1110001011110111
1101110000001011   1111010000111010
0010001001100011   0000101111110010
0011111010111110   0000001100000110
1111001111111111   0000000110011101
0000110010101001   1110111010001101
1111111001010111   1111001011111100
0000001101010110   0101010100111001
1111101001010110   1010001000011111
1110111011001101   1101000010010100
0000101101101110   1110111100000001
1111111100001001   1100000101101110
1111011010000001   1110101011011110
0100010111101110   1111001110111111
1101100110011001   1101101011111111
1110001110101110   0010011101101110
1110111101000111   0000010110111111
0001110010111101   1011111011011101
1110110011101001   1111111010011101
1111110000101101   1111101111010111
1101001011011111   0001101000010110
1111001111011101   1110000000100001
1100110101111110   0001010110110110
1011111001110011   1111010001100100
1101111010101100   1011011101111111
1100010000001101   0000101111111001
1100111011100101   0000110101111000
1110010110100111   1111011011101111
0100101101011110   0011000000001111
1110000010010111   0000010001010011
1110011011110001   0100011111001111
0011001010001000   1110001111001100
1101100011011110   1111111100100001
0000101101000011   1101010001111111
1100011100100001   1111010100011110
1111101101010000   1110101000011110
1101101110100101   0011010000000111
0000000110110110   1111001010010000
1101011111011000   1111111100011010
1011101001110001   0001101111001011
1111000011101010   0000100011111011
1011111101000010   0000000001111010
1110110000000010   1111101100110101
0011100011010010   1111000000000111
0100000000010000   0001111001100000
0001001101101010   0001101111011011
0000111011100001   0010000110111111
0010100000100010   1011111110111011
0000011111010111   0000010100010000
1011100010001001   0010000000111000
0010011011011001   0001101010000100
0001011001110110   1101010010001000
0011000001101011   1101101010100110
1111111011010010   0101001000101111
0010011010001111   0011010001001010
1101010101001100   1010010001001001
0010011000101101   0010010101001000
0001101110111010   0010010001001010
1110101100000011   0001011001100111
1111000110010010   1110100010100111
1101011011111111   1111001001110000
0011010001110100   1101100000001110
0010011111100100   1110011110000110
1111010100111010   0000001000000110
1011100011000011   0001101000101001
0010010110011000   0000110011011001
0001111101100000   1101010001011000
1100001101110110   0010011011000011
1111011101100010   0000100010100110
1101100010111111   0001110100111000
0000101011100111   0001000010011001
0001011100001010   1011110110111001
1101100111010101   1100001100010110
1111111011110011   1100100101100111
0001110001011100   0011010100010110
0010100000011011   0010101000000101
0001001001111110   0001110100010111
1110111010011011   1101000100111001
1100110110100001   0000101010101110
1011001001001010   0000111010110110
0001111110001100   1111000101011011
0000010010001000   0001111010100011
1110010001001111   0001011001101010
1101011110110001   1110110001010100
0100000000011011   0001111000010100
0000001011111011   1100011001101111
0000001110111110   0001000110011110
0010000101011010   0001011111110100
0100100001100001   0001111011000000
0001011010111011   0001111100000110
1111001100011111   1101101101110110
1110100011100101   0100110000001101
1111011110101100   0001000010110000
0010000011110000   0010100110011011
1011000100000011   1111100111001100
1110110001110101   0000110010100101
1111111110011101   0000000011000001
0011001101111100   0100001101100000
0011000110110110   1111111000001111
1110011001111110   0001001100100101
1011011010010101   1111101111100001
0010110100011001   0000110111000010
1101011100110110   0000000001010010
0000011000011000   1100001111000000
1110001011001111   1111000010000111
1100010100100110   1111011000111011
1111011110100101   1101111010010110
1101100110111110   1111101100000011
0000011111111100   1110001001010101
0001000010110111   1110110111011111
1111000001011000   0010110100010011
1101010010101111   1100011101011010
1110110111010010   1110101010110111
0000111100000101   0100001010011000
0011011001101100   1101010101100001
1110100010101010   0010001100011010
1111010001110000   1011000010111011
1111101101011000   0100010010100011
0000111101010010   0010010101000000
0011101000000001   0000110110011000
0001100111101010   1101001101001110
1111100011001110   1110000011111100
0000111101101111   0000111011000010
0010111000000010   1110110011100000
1111100001001100   1101010000010110
1111001100011010   1110101010001111
0000000111111101   1111011001001100
0001111011100101   0011110001110110
1110100010011001   0011101101100011
1110010010101110   1100010001110100
1110110011111100   1011011110001100
1111101110110001   0000000110111110
0100011010011000   1110101000101001
0001100001000001   1110100101011110
1111110010101011   1011100001001011
1110000111101111   0001111011000001
1111100101001011   0000100000100110
0011111100011000   1100101100000110
0010001000010000   1111101110011000
0001001110001000   0000010000001100
1110001110110110   1110001101101001
1110100010000010   0001010000111010
0011011000011100   1111110100011100
0000111101100110   0001010000111110
1101000101011000   0000101011010011
0010101100011100   0000101010111101
1100100111010101   1111111110011011
0001110000001101   1111111011000101
0000110010010011   0001011111011101
0010110111100100   1110010011010011
0100010100000110   1100110101111110
1100010111011110   0011110001010101
0001001100110101   1111000001001000
0000000110111011   0000111101111101
0010001011111010   0010100111101010
1110100110111010   0001101011011010
0000101111010010   1111000011010011
0001111101011111   1110111001111100
1110101010000001   1111111011100101
0011011000101010   0001110001110010
1101100111110111   0011101100101010
0011010000110110   0010001000010100
1111011001101000   1101011011110000
0000100110001001   0001000001110010
0000110111110011   0010111010011001
1011111111001001   0010101111101111
0000111110101000   0001001111101111
0000001111110011   1111110000000101
1111111100101101   0000010011100100
0011100111101100   0100010011011011
1100000000101100   1111010111111010
1100100011001010   1101100101111100
1010001111110000   0001000010010110
1111000000111111   0011001000001011
0000101110101010   1111110110100111
1111101111010101   0001101110011010
1111011100110111   1110100111111000
1110011101110100   0001111001101100
0001100000111010   1111001011010010
0001111111110110   1111000000111101
0010110001001010   0100110100110001
1101110001100111   1110101000001110
1111011010000101   1100110001000010
1110011111010010   0001011011000001
1100010010011100   0010101101010000
0001100101001001   1110110100001011
0011101100011101   1111001011001001
0001011100001110   1100001010010011
0010011110111001   0001011110111100
1011110001100000   0000010001111000
0001001110011100   1101100101001001
0001111000101101   1110001011010100
1110110111110011   1110011000000001
1101101000101011   1111111010101100
1100010101000011   1111111101000001
1111000110010010   0000101001010000
1111010110000000   1010111100011000
1110000010010110   1100011100111000
0010110001011100   1111101011110101
0001111000011100   1100011001100110
1110000101110101   0000111001000100
1111101101111111   0000110011100010
0000000001011101   0001101101101010
0000101111100010   1110111010100110
1011110010101110   0000101111111100
0100111011011011   1111011100100000
1101010011001111   1101010100110001
1101000110010001   1110000010010101
0100110011000000   1110100110111010
0100110110100110   0000001101010001
0000111101010100   0001000010001100
0100110111001010   0000111000100001
0000110010101101   1101001111001110
1100110110011011   1111110110110011
0000111000111001   1110101001110101
0010011111111111   0000010100010000
0001110001011000   0000011101111100
0010111010110110   0011000010011110
1011010001100000   1111001110011010
0011110110111100   1100011100000000
1111001001110101   0010111101101010
1111111111000011   0100000011001001
0010110011101110   1110111010010111
0011000111011100   0001110100101100
0000111011010011   1111101010010100
1011011001111100   0001100011111110
1111110100010010   1111001111111100
1110110001011101   1110100000100000
1100010001001101   0001011111101100
0010110001110110   1111111001100011
0010110001110011   0000000010000011
0001110111010000   1101011001101001
0001010011011110   1111111001000011
1101001111111010   1111111110101101
1101010000000111   1110111101101111
1100010101000001   0001111000110000
1111111101110101   0001001010000101
0101011000111111   0000100010001010
0010000010000100   0011011111110011
1111100110000001   1110100010110110
1110000101010011   0011111111000101
0000011111101001   1111011011100110
0010101101100010   1100101010001010
1101011010100101   1100101110111111
0011101000011001   0000011101001111
0000000100101100   1111101001110101
1101110011110110   1100010100000100
1011111101000100   1110011000110011
1101000111110110   0010110001101111
0011100101010101   0011010001000100
0011011011001111   1101111011001100
0001011010101001   1111001111100100
0010000101111101   0001001011110010
0000110111001110   1111100101110000
0000110001100010   0010011100101111
0001101010101000   0101111100110110
0100010110110011   0000101000011110
0011110010011111   0001100101010011
1101101111001001   0000010110001001
0000011101111100   1011011110110000
1010011100011010   0000110000100110
1110010010010001   0001110111000100
0000110111110111   1111000101110111
1111010000011000   0011011001110000
1101100010010001   1111100101100000
1100011101001010   0001001110000101
0000001010111110   0101010010000101
0001100011000011   0011010110110110
0001111111010110   0010010110000110
1111011101010010   0000110101111101
0001010010100110   0000100100011001
0001001001000111   0000111011101111
0001011011100010   1111110010011111
0010101111000011   0000011001101011
0011011011111100   1110111010010000
1110100011111101   0010010100010110
1111110000100110   0101001010110111
1100011011000100   1101010110101001
0001000100110111   0000101111010011
1111110000111101   0011110000101101
0011110011000000   0001101100100110
0010111000010111   1011110110110010
1101001010001110   0000000110001100
1111111101111111   1100001110001001
0001000010100101   1101110000101100
0001110100000111   0001000110101111
1100000011101100   0010010001101111
1100100101101011   1110110110010111
1111100010001011   1101010000000010
0010001101010010   1111000011001000
0010111110111100   1110010100101011
0000010100001100   1100110000110110
0001010100001010   0001001011111101
0010000110101000   0010111101010001
0010001010100000   1011110000110101
1110011011110001   0010010000010111
0001010011100011   1110111101001001
1011010011111010   1110110111000110
1011011100111000   1110001101001001
1111110011010010   1101111001101001
1100010100001101   0010101010011101
0000110101110100   1101101111010000
0000011011101100   1110100000110001
0001010100101000   1110110001001001
0001111110010001   1111000010010110
0000111111011001   1101011111010001
1101001010111101   1110000110011001
0010000011011000   0100001001110100
0010001110111100   1111100000011111
1111010101101110   1101100000001011
0010001000000110   0001111011111011
0001110111011011   1110011011111101
0000110011111100   1011001100011000
1011110010101110   1110101100101000
0001011100000000   1110100001011101
0000010011010111   1110011011001111
1101110110010011   0010000001000110
0011101110101110   0100000110100100
1111010001101000   0101001101011001
0010000100110110   0001110101110010
0001011100101100   1111011001010101
0011110111101000   0011110010011011
0100010101000001   0001011000001110
1110110101110001   1111101100100110
0000001000010000   1111110100011100
1111010101111111   1101111110000000
0001110100011110   1110110110101001
0000011001001011   1101111101001100
1101010101010111   0010111011110110
0001100100010000   1111001110000101
1101011010110001   0011000101011100
1011111101111000   0001101011100011
0001000101001100   0010101010100001
0011000110111100   1011011100111101
0000011000010111   1110101111111001
1011100000111101   0010101101111000
0000000010011011   0000000011101110
1101010101101001   1111001110001010
1101001101110110   0000010001010010
1111001111111101   0001101110011011
0000001110010101   0001001110100111
1101010100100001   0000110101100100
1111111111110011   0000000000011110
1100111110001000   1100010001101110
0010000111010101   1110000010010111
1011000111100111   0000111011011010
0011000110111101   0010110001010001
1111110010110001   0010010111111011
0010110111100101   0000001011101101
1101011110111100   1111100001110011
1110001010000110   0100000111000001
0000110100011010   0001011110001111
0010011100100111   0000000101001100
0000101000000000   1111011011110010
1110011111010101   1101110100010101
0000010001010000   1111010100100010
1100101011001111   1110000010011111
1111001101011111   0000000011111100
0010111110101000   1100100110000001
1101111011111101   0000011110111000
1111111111100110   0000010001110111
0001100100001010   0000110001000011
0010010011111001   1101110010001101
0100011000011011   1110111111110100
0010100101101011   1110100100000001
0000001110100101   0000010111101001
0000001011111011   0000011100010111
1110101110101001   1101100110100100
0011110000101000   1110010100100101
1111111110100110   1111111101000011
1110000110110000   1110000100100011
1111100101111011   0000110001110001
1111110000111010   1111001001111010
0001000011100000   0011110101000000
0000111100010000   1101100100010000
1011100100101011   1110101010110010
1111000110100101   1111001000110011
0001101100000101   1100011001111111
1101101100100001   1100100000100111
1101001101110100   0011010101000001
0000011001100110   1101111110111100
0011011110100011   0010001111100010
1110010011111001   0011001000010100
0011110100011011   1111010001101010
0000011000100111   0100110011101100
1110100010101101   1110100111000110
1100011111011101   0000111001011001
1111011110111111   1111111111011000
1100111100010110   1111101100101100
0010111110010101   1101100110101111
1111100110110001   1111101101100100
0000111010011011   0010011010101110
1110010000010101   0000101110100001
1111101100011100   0010111001011010
1111100000011101   1101011111100011
0010001101001010   1101100101100101
