1100001001001111100000001
1100001110000000100111000
1100000000011101011111011
1111010101100100011000000
0011110100100101101010100
1100010111110101011100011
1100001000001000001000111
0010010010011011001011111
0000111100111011010000011
0011111101100111000010001
1100000000110000101000010
0000111101010100100111101
0011100011111000100101111
0010011011111001111111111
0000100011010100110001111
0010111011111100001010100
1100010001101010111111111
0011101111001000101101101
0011111100100001110111111
0000000000101111101000111
0000001011010011110100101
0011110111101110010001111
0011011110111000001100101
1100000000101001010110100
0001101000011000101110010
1110110110111110010000110
0011111111001011101100011
0011001010111001001111101
1110101101111111111001110
0011110100111111100010001
1100010000010110001001101
1110110000011110000101101
1110110000100111111111100
0001000100110100101110110
1100100001001000010110001
0001010111000010001101001
1100111101001101001010010
0000001101001100010110100
1100000000000000110110000
1100001010001101011000101
0010110011010011011001111
0010111111100100110111000
1101101011010101110000110
0011101111110111111111101
0011000101010111101000110
1111000110100001010110110
1111010100001110110010101
0001111100001100001100101
1110010010111100101011111
0010110001111111010000001
0000000010101000101111100
0011010111010101111111101
0001001110110111011100111
1110000101111100010010111
1100001000000010110010000
1110000100001010001101000
0011111110010001011001110
1100011011011011111110001
1101010111101111000101011
0010101000110001010111010
0001111100001101101010000
1101101010110011001110001
1100101000110011110011110
0011111111100101010111110
1110011100000101010111000
0011111111110111000100110
0011101000011110011111110
1101000101111000011000001
1111000000101100010001110
0011110100001001011001111
1100000001000011010010101
0011111110011100111011010
1111001000010100100100000
0011111111111101110100111
0011011011011000100000001
0011111111110000100100011
0010111101001000011111001
1100101001110101101011100
1101101101101010010010000
0011111111110011011001110
0010110111110011110101101
0010001011110000001001100
1100000000000011101001001
1110000101101001010001011
0001110001101001001101011
0011001010100010000100011
1101000001000011001111011
0011111111111011001010100
1100000010010100111011111
0001000011000100100101001
0001111001110110001000110
1111010110011111110010010
1100001001000101000011001
0011011010001000111100001
0011111100101010111001001
0011111110100001110001101
0001010010011000001100010
0001011011011000011011010
0011010111100001111101010
1100000111110101011001100
1100110111100101100110101
1100001010100000000000010
1100000001011111110010100
1101100001100001100100111
0011111000011100100100000
0001101011111111101100110
0010111101100111100011001
1111100011001001010110011
0011111001101010010001011
0010111000110011001010001
1110111010001110001111011
1100100110001101011001011
0011111001111001110100001
0011110000010001110100010
1101001111100000101110000
0011000110110011011000111
0000101011001100110110110
1100000000000000101011000
1101010100011001000001000
1101100100000010101101100
0010000010010101101111111
1100000111001111000000000
0010011000111011000010011
0011111000010000110110101
1100100011100001111101110
0001010110001100000100000
0011001001001100011111110
0011011100101010000001101
1110011001010101101111110
0011110110101000100001100
0011111111010101001000101
1110000110011010111001100
1100001111110110001000110
1111100001100000010101111
1100001000000111110000001
1100001011100110100100001
1101111000000000100000000
0001110100000010001001001
0001011001001100101000101
1100100011110111101101001
1101000111100000111110011
1101101111001001101011001
0000000100010110001101010
0001010111010111100011101
0011101110110001101011001
0011111010010011000011110
1111000110110001001110111
0001011000100010000010010
1100101110100011001001010
0010001110101100111010100
0011100111111000000010110
0011100110010011010010001
0001010100110111111100110
0001001100011001000010001
1100111011001111100111011
1111110011000010010100000
1100000001000110000101101
0011010001000001001011001
0001101101110100111101111
1111110010101010100000110
1111100001110110111011011
0001101010001111011111101
0011001101110000110111011
1100101100010111001101000
0001001111101000100110111
1110000110011001100000000
0010001000110000000101110
1100010011100010110100001
1100100000110100101000111
1110000010011101001111110
1101011101000110101101110
0000001011001001010000010
0001100110111100110111011
1100101100100000011100010
1100001010000101011101010
0001100101011101010010101
0001001110000110001010100
1111100000101001111001010
0011111000010001110001001
0001011001000111101001111
1101000101111111110010000
0011111100011000001001010
0011111010011110100101110
1101011111111001101111111
0010100000010010011011000
0011100101101000011011000
0010001111100101100010000
1101010010000001001101011
1101010001101001010101110
0001111010100010100000001
0001101000011100001101010
0010111001000110100100100
0011100001000110101110001
0011111111001101110111111
1111011110111010101100111
0010111011100001010110100
1110110000100011100001100
0011111110111100000000101
0010000111100111111101110
0000011111110110010000110
0010001100000101010001011
0011100110001011010100000
0000000101001011011010101
0011100101111111111110100
0001010001010100000100111
0011101000001000111000100
0001010001011111110110011
1101001111100010101111110
1100001101011001111000100
0011111101001110110011100
0011000111111111001011000
1100011101100010001001011
1100110011100111001010010
1100111100011101111101101
1110000001000001001110011
1110111110001110011111101
1100110100111000010101101
0010100000010011001001111
1111101011000011010110010
1100000000001010001111100
1100011010100111110011100
0011111110001010011011011
1111111010011011101001000
0000110111110111010011101
0001000101011111010100001
1100011111110001111111100
0010000111100110100000110
1100000000010100000000000
1110110010000101001111010
1100000011100111100111011
0011111010000100000011100
1111000100101110011101011
0011011011010100000110111
0011101100000010000011100
0011111101100110110110100
0000110001010011100110001
0000011101010101001011111
1111110110010100110100000
0011010101100010001100100
1110010110111111110111101
0010101100100011111011111
0011111101101101011000000
1110011010101101101100001
0011111111111011100111010
1100100010111110000011011
1110110011101010000101010
1100000001010011100001111
0000010000111110101101110
0000011101010010101111111
0010101001010001111111011
1101101111110100100000001
1101001101101010000011001
1100001010110011001110001
0000111010111010111110011
0011010110110011011101101
0011000010000010110111101
0010100111001001111111100
0010111001100100011000100
0010001100110001010000011
1100011110100001100011101
1101111111011001011111110
1100000001100110111000101
0010001011011100101100111
0000101001010001111011101
0011111110001111100111111
1100110011001101001100110
1100010100111111001011010
1100000000000000001110111
0011110101000010110001111
1100111000111011111000111
1110011011001101011001000
1110010011101000111110111
0011100111101100000010011
0010000111010000000111100
1100110001100111111101000
1110110101010100000010011
1111111111010101100100001
0000001010000111110110001
0011001011011101101110111
0011110010001111111100111
1100101001011000011001011
1101111001101100011011011
1111000001101111011101000
0011110000101011000111000
0000001001111101110100001
1101011110011000101100111
1100110001000101001011101
1110100111010101111011011
1100100100000011100010000
0011111100001111111111000
1111100100001101101111001
1100000000000010110011100
1100000001100110011010100
0011010000010010010011101
0011010001101011001111110
0011111001101101110101111
0011111111000011000100111
0001001011101110100001000
1110011010110000100000111
1111011010111000010111110
0010101011000000010001001
0000101100001001100110011
0011010101111000001001101
1110001111001100000111000
1111100111100011001010001
0011111111101101110001000
0010011000001110101010100
1111110100010011001000100
1100011101100001000001100
1111000001101011010101001
0010010011001111100110010
0011110001111001110111011
0010010111010100011110100
1100010110110110000111110
0011110011110010110000011
0011111100011111010010011
0011111011101111110011001
1100011111001101101011110
1100000010011010001011000
1101110100011100001100110
1100001000101001011011010
0011000001010111101111011
1100000110010010010011100
0010100101001100000000001
0001010110111001001010110
1100000000010101100110011
0010000010001000011001101
1101001101111100000101101
1100001011011111110011001
1100011111100001101010001
1110011111110010111010010
0010001110000110101111100
0000010001000111011110110
1110111001010011110001011
0001000000110001110111001
0011111111111110111011001
0011001010011110011000011
0011111101000011010111001
1101100111000101110010110
1100010111101000111111110
0001001000101111000001000
0010000101110101100000011
0011101011111111101010001
1101010010001011111001010
1100011000011111011101000
0001010010000111110011100
1100111000100100000010101
1110111011100100011001111
0011111111100110011011011
1101100000101010101000100
1100010111101011010100111
0011001111010111100111011
0010011111111100110001010
1111100100101101110010110
1100100101111100000110010
0010000010111110001101011
0011100010010111001100101
1100000001101010010001001
0000110110100001000010111
1111010000111100001111101
0011111110010000100101010
1101100011011000011010011
1111000000011101100101101
1100100000100101011010001
1110110011010000010110011
1111010101101100101001011
0010111001101000101101110
1111010010111101010111010
0010011001101010010010100
1111101001000110100101100
1100011100101111000111000
1100000001011001001110111
0011000101101110111011111
1110111101111110101010111
1101111000000011000010110
0011111000111010111001010
1100000100111110010111000
1101101100110001011001000
0011111011110010000100101
1110000001000011011001010
1101101010101010101101111
0011111111011101011011111
1100000100101110000111011
1111000011111011010011100
1111100100000001111001111
0000100000011101001000110
0001011111000100101011100
1111101001010001000101000
1110010110001110010010010
0000111101001110101000001
1101110110000111110110001
1111001011010101000100111
0011110011011011001010110
1100000011011011111111011
0010001111001000100100111
0010111000100010000010101
1111011100111010110011111
0011010011010101111000110
0001000101111001000011010
1100011010110111111110010
1101001010111000000001110
0010101101110010010111001
0010110001101101100111101
0001000111111110001001110
0011100000110011001111010
0001011110111011010010010
0000101100110101100011000
1100110011001100010000111
1111111101000010011001100
0000110100111000001110110
1111001000010101000001001
1110010111000101011100110
0011111011000011000111011
1100011100001110101011001
1100011011001101010110000
1100100100100111010101110
0011111111111101110110110
0010000111010100101010111
1100100101001111001100100
0010110001110010010100111
1100001010110111100100011
1100001000100110110111001
1100100111000000110110011
0011100010011000101011010
1100000000011011101111001
0011111101001100001001010
1100111110000101101101100
0001001011101101001011001
0011010011111110011010001
1101101001101010100001110
0011000101100011100001010
1100000000001011111101110
0001000111000101000000101
1100010010011100011001011
1100011111001001010111100
0011000110101011110010010
0010000100010111010100000
1100101000010000000111001
0000000011100010111101111
1100000001101000010111100
0011111110001000010111000
1111001100001010000101011
1101001110110100001011011
0000010101101001110001100
0011001111000011000000000
0010010011001100111101011
1100000010001010001101001
0010010011110001011011100
0001101001000000011010101
0001000111101110100100000
0001010011001011111100010
1100000001100000110001101
0001010000001111110110101
0011000111110111011111010
1100000110001101010010100
0011111111011000010100101
1101010100010010011110101
1100111010001111001011110
0011000101101111101110100
1100000001011010001101111
1100001100010000001011011
1100000010101101001101101
1100011001001111000100000
1100000101111100001000001
1100101001101001100000011
1111110010010000010000000
1100001111000100011011111
1100011110000000000000011
0001101000011011111100100
0011111110110010000010110
1100100000110101111101101
1111010011011101000001010
0000101100011000101011110
1110111011111100011001000
0011000111000011001100101
1111000110101101011101110
1100100100100101101011110
0011100101001001000011010
1100101110111110001101001
1100011011100111010110111
0000000011101110000100101
0010110111000011111011001
1100111001001010100110000
0011111100010100100011111
0011111111100110100011100
0001011100100010000001011
0001111111010010001010000
0011101111100101001100000
0000011010111000010000000
1100101100101010100110100
1101110010110000110000011
1110010001101101000001111
1110111101100011100100111
0010000111011001101011001
0010101110010101001110111
0011111010100000010010001
0010101110011110111100011
1110000100010000100101101
1100101001000100101010100
0011110101010100001100011
1110101000011100000101100
1100000001110101011011010
0010110110011010101010011
1101001001001000101010000
0001111011000001010101100
1100010011101100100011011
0011011010111101110111000
0011110101010100101110111
1110011101110010100111010
1101101111010110101101110
0001000000010101110111110
1100100101010101100111000
1100001010001011010101001
0011101110110001110011100
0010100010010111100101110
1101100110111101000111000
0001001000101101010001001
0000101101000111100101011
0011011100010000011100100
0000100001011011000010000
1101100100101111101000010
0000011000111110001110110
1111110000110001010010001
1111011101111011011011010
1100010100010011111100110
0000110011001011110011010
1100000000000010011000111
1110111110010000111101100
0011111010101000111010111
0000100000001011010111101
0010100110000101001001010
1100100100001000100111111
0011011001111001111010011
0011111111010001010010001
1111101111110111101110100
1101010001101110000001101
0011000010111111001101011
0010101011001101011011101
0011101111101011010111100
0011010111010111001010000
0011110101111110001111001
1101000010011000100100000
1110000100001011111101110
0010001001011111111001100
0000010000011000001001000
0001111001000100001100010
1100010000010100011010111
0011110100111000010000111
1110100111110000010011010
0000001110111101000000100
1100010000100110010010110
0000001100101111000011100
1100010111100011110011001
0011111111100001011100100
0010101011101011110100110
1100110000010101101010001
0011111000011111001000110
1110101000111000010000000
0001111001011110000011110
0000011111000001001111011
1110100110110101111100010
0011101111011001101110001
0001010110001011101110001
0001011111111110111100111
1100000000001010110011010
0010011011101001101100111
0010110101101001100010000
1111010100001101110111100
0010011010101011100011111
0011101101100101011010000
0011100010001011110101011
1110101100001111111010100
0001000001111001111010111
0011010111101100100011001
1111110010000111011000101
1111111111000110000110100
0001001001110110110101011
0010100011111111011100001
0011011110001110001111000
1100101101011100110101111
0011010001101011001001011
1111000111001101111000101
0011101000101111001100101
0011111001000010111001110
0011000011011000100110110
1100001001100100111101000
1101001001100110111111001
1100010001010100010100011
1110100100100100101010000
1111010011010110110000010
1110110011000011001010110
1100011010001101111110011
0000110011011010110010000
1100000110010100100000010
1100010000000001101101111
1101100010100111101000110
1100011010100001100110101
1101111100100100100101100
1100010110110100111110101
0011111100111000010101000
1101110111100100101011100
0011111011000011010111110
0010110101111111111000000
0011110001000101101010001
1110100001010111110111111
1100010010100101111010011
1100110101010110011101101
0011111101001000110100011
1100000010001111010011101
0011010100110101100101010
1100000010010001000001001
1100100111011000010011100
1110100111100100100011010
0001111001101010010101000
0011010010001101111001011
1100001111000011110011000
1100011100000111010001101
1100000000000000000010110
0001000110000000010000001
1110100010010101101110110
0010101100101110010110010
1111100100101011000101000
0001001110001011110111100
1111111010111111001111000
0001011111011001011110011
0000111011010000101011010
0011111110111000011101000
0011110111001000110111010
1100010101100110111101100
0011101100111100111111000
0000010101111001000001010
0011000001011001000100000
1100111101011100000001100
0011111101111101000110111
0011100110111100010100101
1110101001000001000010000
0011101100111101000010001
1100010010100000000100010
1100000010110011101111010
1100000110000111110101011
0011111010010101000101000
1111101100111011100000110
0000111011010111101011011
1101100011101001010111110
1100000111011000000011101
0001001000001110111001110
1110100010011111101100101
0011110101010101101001011
0010110100110001100110001
1100111011000001001000111
1100101010011001101100111
0010001001011110100011000
1110111000111011011101101
1100100111110000010011101
1100000001100000100010100
1100000010001110010111110
0011110111101101000000001
0000010001101111001100110
0001001100101010011110100
0011111100111010110011001
0011111101000001110110101
1111100010000111110000001
0011111011001000111010001
1101001100011100100100101
0010100011001011000010101
1100011001011111001000010
1100000000000001011111010
0011111101110111110010011
0011110111001110011111001
0011011101101101000101011
1100101101010100101010101
0010101111011110101101000
1110010001010011001110100
1101110100001010101101010
1100010100010001001101011
1100000011011110001010101
1111101000011011101010001
1101011111110010011101000
1100011010011111011110011
1111100110001011111000000
0011111111001011011001011
0010000000100100011110010
1100000000011110101101100
1101101101111011000001010
1101001001111010001011010
1111101101100001100001101
0011111111111100101111110
0001111000101000110100001
1101010110100100010100110
1101110100110110011110000
0011100011000001101110110
1100001011010000010111111
1111110010011100110000011
0011111110100110110111010
0010111000010101001100101
1100111111100111101110000
1100110001100000101011101
0010100100101000101000000
1111111010001111100011101
1100001111101001111001110
1111100011010101100111001
0010110110000100001000110
0011010100010101000010100
1101010110100010100001011
1111100000110001010101100
0010000000001111001000111
1100100010011001011101111
0011011110111101001010111
1110000001111001000001110
1101011010011110001011100
1100000100111011011100011
0010100101001111110101010
1110101000011111010100111
0011110011011111100111110
1100000001110111000001010
0011110110010001101110000
1100001011001000111000110
0011010100110011011011010
1100010101000010111110010
0010101001110100100111001
0010111110110110110000010
1100000010110101100000101
1101011100101011011000111
1100000000001100101111101
1100000010000001110111001
1101001100100110010101011
0010111110001011111010010
0011111111111111111010010
0010010110001101100011001
0011010110111101101111010
1111110001000001010110110
0011111101001001110110010
0011111010000110111011011
1100000010110000110000101
1110011101001010001111110
0001001011000101100001000
0001100101010111100010111
0010010011011101000111001
1100011000011011001000001
1110001001010111010000000
1101101001100010000100111
0001010100100001010010010
1101010110000000010000110
0011111111011101110011000
0011110100101010101111001
1100111011111000011111010
0011111111111110110011101
0010110001000110110111101
1110101000101000000000000
0000000001110001001010001
1110010101001100101000010
1111011011001000111110001
0011101111110100111010011
0011111101001101101001101
0011101011011011100111000
1111100110111111100110100
0011011100010001010001100
1110011101010101101010001
1100010111000010010001011
0000110111110001011110011
1100101111110011101100000
0001110111101101111111000
0011100101100101100101100
0000001101101010100111111
1101100100111101100110111
0000001000001010100101101
0010001001011111000001010
1111100110000010100000010
1100111011101010101100100
1111010001111100011100110
1100000000011010110001001
1110111110110011011101111
1101111011010011011111010
1100101100011100010101010
0011111111110111110010011
1111001100010000001101010
1111000001001011110111111
0011011001111001100110011
0001010100011011101111001
0011111100111110110111111
0001110110001011111101010
1111101110101111010101111
1101111111110110110101111
1110001110101001010100001
0000001101010111101011010
0011100110111001001101110
0011111111111101111110000
1101101111001010101101100
0010110100010000110010101
0010010000000011111111101
0001010101010011000001011
1100000101010011101110010
0011111111001010000110000
1100111111000100001111010
1100000100000100011110111
1101101001010110011001111
0001110011100100011001000
1100110100000000000011010
1100010010001001001111111
1110100101010101110101010
0001100001111011101111111
1101110010111000111010100
1110000001001111011001101
0000001001011011011111110
1100001111101001111010101
1110011100010000010101101
1111001101110111000001000
1100000110000100001011010
0010100001110100101010100
1111100101100001010000100
1111101000101110111000000
1100000010100010100011001
1111100111111011010111000
1111011101001011001010011
0010101010000010110000001
1111010100000010101011110
0011011111101110110001101
1100000101001100100101010
0000001110000100010011010
1111000001011011010000011
0011110100001000111011011
1110000111111101111000110
0011110110001001010100001
1100111000000101101110111
1101111001110111111101110
0010110010111101000000010
0011010010001010001010101
1100001000101101000101000
0010010111011000101101000
0011111111011000101101110
0011101001010101000111111
1100100001101101011001111
0011100000000010010001010
0010100011101010001010011
1110001010111011110001010
1101001100011000111110011
1100001000100000011111111
1100000000001110110110101
0001011000000010110111000
1110100010000111010000110
0011000100110011001100010
1100010000000111101011110
0010110110101101010000100
0001000100011010011111110
0001001101100101110011011
1111100110110110100000010
1110010001110011000101101
0011110110000001000101111
1100010100101110100100010
1101111000001000111100011
0011100010010101101010110
1101011111110010110100111
0011111100100101001010011
0001000101000101110101010
0001010110110101111110001
0001001011100100100011010
0011100101001001100010100
0010101110010110100110100
0011111001111110001110010
0011000001010000010001000
1101111001100010111101110
1101001000000000101110100
0011111010011010111101011
1111001011100010110010101
1110100010011100000111000
1100000110101100000011000
0010100000111101111001010
1110100010101110101100011
0010001001001111110001101
1110011111000001010110000
0011000100100100111000010
1100011011111010110100110
0010101000101010001100000
1100010111110000010001010
0011111111101000100001110
0011111010111011000000011
1100011001110101100010100
0010001010111101100010110
0010000010010001011111100
1100111110000011011001011
0001000110111010001001101
1100000101101001101010101
0011000010010110011111010
1101010100111101100111100
1110011001100001011011011
0011111110101001110001111
0001011010000110010010110
1110010101010110111100010
1110100111000011101010011
0010010011100111110001011
0011110000011101110010101
1100101011001101011101111
0011100010111001011001000
0000011001110000000000010
1110110101010010100101100
0010000010000100111100011
0011111100100101011111010
0011111101010101100011110
1111111111101011011010100
0010110110101001000101010
1100000000001100010010000
1101111010001110100101100
0001111000000101101101101
0011011101110111011010001
0011001010001111011001111
0011011011001100011010110
0011110011110001100110011
0001010110110000100101000
1100001101101000010000000
1100000001010110111101011
1111000111101100010110111
1110010111100111010111001
0011011110011000111001010
0010110110000111010000011
1110110011011101111001011
0001110110011011000111001
1110000100001110100101001
0011101110100000110000110
1100110011011010001101111
0011101101100111000010110
1100011100010011001000001
1110111110011001111011110
1100001010010110001010010
0000100011000011101100111
0011011001110110010000000
0011000100010111010001110
0000000101011101110101101
0011110010100000001101100
1100000011010000110101011
1100000111100111101101111
1101010001111001011010010
0010000011010100010010010
0011110001011011011100110
0011110111001111011010111
1100000000000111110100000
1100000000000000010000111
0010010101111011011011001
0011111101111011101010011
1111001100100111000001011
1101010101010011111000010
0010100100111110100011000
1100110101011111101001111
1100011100011101001000110
1111001101101111101110010
1101011100100101011000101
0001011011010000011000010
1101110011010001111011011
1110100100010000010110011
1101000000011010110000010
0010101000001011010111011
1101101101000101010000010
0010111101100000001010011
1100111001010000101001010
0011011111110001001101111
0010001001001000111100011
0011000101001011100110000
0010011100100110010110101
1100101010110011011101001
0010111011111011001010001
1100000000010001001011010
0000010000111100010100111
1101100100100101101010010
1111000001011110010110100
0011111111111111101100100
0000001100011000101101111
1110010000010111010111100
0011110111100110110111100
1100000110100111111000001
0010110001011101111011101
0000100101001010010001101
1101000000011111101011000
0011010010001011010101010
0001000001110001001100010
1111111011111100010001011
1101011010100101101001011
1100011011101100101110001
1101010101011010001001010
1100111100110111110011101
0000010000011000011001011
0011111111111101101000101
1101000101110111101001110
1101110101110100100011001
0001001010011101000001010
1100011110100011111111100
1100000000100101111010100
1100001010111101101110111
1111011110100011100110110
0011110111010111110101000
0010010100111111111101110
0011010001001001111010111
0010001110110011100000101
1111100110101011000101110
0001001000010010110001101
1100111001111100100000011
1101100010110111100000010
1100111000101000011110101
1100100000111010111100111
0000111111111011101100000
0010100110101110110100100
1100011000010100100000100
