329121572
1211747195
1238272809
712091930
3050525709
3247769374
1426440348
563870358
1833026770
1859597683
3080256014
1047071932
634471560
195856620
221870017
870714590
74895360
934162754
755004706
787286583
621529095
304007516
1753966707
484289118
53903192
1214191220
620786392
295746360
92773394
322139796
39632600
1922574555
366305547
323063390
248450646
775146057
121587480
906547921
1077313608
842206500
700087731
206997840
3188762631
396207368
3221954960
1406515547
7066332
1961241669
2315108493
424996440
440869875
2000267094
368001040
199615112
1898607388
277596729
1616930525
75088956
911965405
386676444
2872640757
1301147138
2211848107
426134308
9374240
2356593754
2148935256
20811959
3628832308
403803142
1682226128
1746535160
1174849020
583693668
1542176991
462978405
1095128860
340259054
266914584
47574863
1731744672
59427848
499255234
1032788192
78358917
977711784
114997234
2155041952
44824206
1433835468
94061986
4604095
122947200
278593796
136663660
1465352400
1313080522
520826071
3577163450
71860087
1433533920
802998201
1066198505
1382013176
536918193
341099320
1764776752
2337796937
1247925908
2286945558
467408930
3856653968
2514938248
297629694
2307083309
2291774524
1685402788
2145031848
563516538
2401046100
206101994
2220857744
1656727130
1873793614
210633417
586858151
1088418222
1085857477
2741567088
590917990
3278518792
1103873750
81466758
2614200864
51997542
238141179
3820394760
221405330
3716116360
40879368
347090160
218419965
219315723
819794376
1393065095
418692732
297842064
1735681896
1672627126
1998235057
79092007
8227163
3828891420
1582992623
1062282099
183433113
1371571050
147987554
24015220
81723676
2707565336
30077856
1439467008
1316090480
87279808
708277460
945541440
2038690836
274402677
2452913925
67526454
2100221925
2411306898
315036212
1405213260
1870207218
2639992434
1432230540
70947840
87096360
3867913273
667798131
1446888998
1594020789
422775721
271339533
1968349844
419033952
128503152
2361573162
3842818584
1205914304
1232710278
1082068392
2410112
491779070
503071230
39832996
1434183092
41486559
371684740
1213700310
2089006656
365409296
772638950
4177110632
1342891697
30944580
1598544836
31788967
138413388
162057456
720921618
322206240
556521492
835015998
755912872
1746689000
1402128019
589252
1357495888
638969058
1065280770
1720620032
1068743719
162873900
260140875
3254395536
2213839311
589751920
787130540
2826893960
1409799456
1092387875
2175370444
1726257254
868819083
609510272
2290492490
3749562064
2657681850
1279047864
1340824986
456229365
319106880
1456219592
453284100
945118359
344789614
2599008136
4958560
932436255
1847414358
1118027512
2689740999
828621365
139655802
156780393
168498165
63866719
31507866
51717960
992683394
1024128413
5553429
2806821231
440243039
2215410848
132034970
1047431448
1511100528
765224280
1865779304
1743369355
26798360
2315978826
30512040
1412706996
1410915931
2848793220
1930781612
1831308074
1098395270
219618160
974825064
466668952
107763408
1791848580
34260800
196113840
3529891893
43856704
315755520
442347885
541485945
248819652
1109526488
89489808
5154396
1236177925
1675091907
164233135
3030969142
1770160176
2650196640
904820028
452046320
730192040
1496322305
340047828
22216944
477555741
1798669530
313178976
304701480
132552816
1412109266
43450062
1516948056
247963771
1412767400
44869250
568177077
515568456
104414955
1950693129
890320000
1096776200
1508449626
8475298
2705930136
1578144128
495737640
1834730443
231824784
27133015
132719655
690942087
690288976
28775010
1569468212
53109735
194958126
130890753
3075366048
1921760952
25425075
562786554
206265158
195737888
1985378848
1274873680
2369910
8613954
1402303977
676990041
61621064
281560440
213965529
784779216
721644781
1449736477
212601184
669600360
532545000
1203838538
458706240
3689091072
145996776
317432115
577536360
873631190
33414576
855893115
2807607000
133873425
67268864
26759680
186122105
3372777900
14195272
229180413
358607464
959359410
495659790
491855138
1203242700
146317224
222142050
73691760
1117162368
2306972012
350111058
479573496
1015519000
909270648
810741336
2369194355
3299601943
718368144
2040027344
319523000
234101894
546832525
793063173
689945850
1229628776
1286950456
298565244
1971974840
2069393290
1075912416
60191486
897622803
12154505
42968016
517542336
1655115740
186477700
295675326
673576540
119614290
3378317392
51487726
218909790
583703638
51979788
23250654
991560645
1887667392
1175157198
1710531988
332398303
2450690924
3767491
934944835
169321350
2575993276
1133193144
1146614508
734862270
259101550
3041466048
1293838780
897412484
1141539432
3162238704
1118641578
40823100
1756566772
2024619972
6563895
335009467
1629865540
45686200
461157351
243406820
1541568138
3338834739
1155661320
278656838
278565474
844640000
11301108
102281400
486298188
3485021667
3665943738
281295752
272983159
2617352926
12355875
1353628044
59217041
2206753104
347052536
408438084
606158007
647222380
1613804500
1574427272
3007333901
204300449
1541756356
775026582
1989979684
3216175632
282119838
1915611214
99322862
574050363
3157652884
243727143
209925716
1833378898
3599041875
443911248
1814277700
37314176
913203900
1241389079
1052699328
34098064
517853480
589631375
470301165
178338435
2211318086
857204418
807564270
1972163748
761492268
4714290
159480918
92037500
3267695200
519571840
18528349
959940069
466518008
251444937
490145526
1613898140
268617465
555470861
775344734
1283995104
683555505
1978041058
2143255923
2841954027
895025596
19746620
959820750
233114944
335352125
2361249542
196783172
334969344
896015328
374489984
194133933
118801920
1671473664
142494220
192361377
1293077823
84456192
1184908000
1854370993
3017998197
629518080
1357022520
3691872942
131777840
2544589530
359325967
353292429
2360935712
1606345026
493241077
987981456
1546407992
75845466
250836407
174392268
975712422
29780422
1832724712
49797735
750918270
765996273
162696720
2421438800
757010328
82689750
1469831640
799400322
821558841
1866629892
739038748
1210456221
513546264
1458208632
1692563488
1924391310
4017521583
380753569
115280693
1005584832
136078019
15800018
2037988909
1669880100
2299364560
1029144339
3626812266
2015454564
140056554
1870323444
3364221868
326720752
182285280
1577832846
2185115184
1165364832
1596251959
1093546440
1477127568
1494723636
78346861
1877101019
1677790080
1710903842
170648709
1117028700
732590887
2049402600
965420825
65243160
24235640
3751902541
378770164
3502414564
485735250
4000455180
1130225510
123421248
1813245772
3609628100
205903467
2136864404
2908954768
778899830
900778500
50691760
3005632230
1512243858
3624999420
822701184
196508389
787290
1765814350
611237568
980703177
589411250
481431473
109719624
891176772
213789888
2271239469
354500859
341770800
996660961
2596544104
616860958
183609910
442188925
1807764189
802392804
2382870000
1036460
650454060
489767050
856532512
429014088
3201291520
368827456
2063702375
698540794
249348306
1085284
94396808
2681899901
385181944
539123164
91553058
1584493300
265497032
1740182085
19861992
814231512
245765664
87127312
3001126720
1002077230
906634216
1550987712
413838096
53323215
614831944
74383840
866028820
1642585285
18621225
1391056392
892615360
3889620714
599848929
2578954584
350741952
28481437
2433774750
1007167122
1744549620
19363752
322881240
2675862560
1239826200
740211276
685729605
2884722599
3470958812
238002785
351522
2396777130
5449360
141983940
331585605
7849092
2350184167
536753298
1372454136
1808614400
1346350402
1118590150
70553241
648404653
1809498292
484316294
530593468
1124681706
1612063065
154864368
188026124
1527362320
86280890
222993540
1116588588
451961088
2663853775
1418584824
324752456
2455971000
2249285365
2194609214
1368359355
6748465
824153550
1513510561
1326426275
3415825830
239624361
189899998
557635746
2652019922
369622078
353602620
1888192734
794707494
1191156006
949977756
468410322
604105902
66930983
87613812
1224691053
704965704
705294164
3444524272
895427769
1543561152
129289082
554972880
3440855008
781204221
337079600
1109920564
52077060
62720900
170782866
86268920
1012855900
583789878
237692685
476554158
947200914
105967026
609937560
233938176
747432972
2513942921
2666484015
502281758
824367376
1995414520
798126690
1321863383
93092088
1517694750
716379420
1322453800
2129104949
1658938872
541180542
1213360714
287857914
177523004
1464237880
1050953536
379725175
770666313
2307886250
133644690
1642660260
1445951936
15641955
108568944
2741723370
3200493940
1819320172
1068950643
462604644
372955979
174879208
570336255
1314851202
1843137920
2022421541
50090490
4109967520
4093904295
84492735
1205039022
1729360336
594100738
314743552
174292890
573676400
975360888
1704989720
2624132160
31887874
1324064232
259908516
3192451320
17106114
7006748
2343454596
2286950352
599186226
62175806
131512080
893561412
1781721072
38134216
432978532
517514976
472211873
286708084
645266472
739326360
1181818514
932087850
1863720666
2384818085
542940420
507470940
30061458
1019239146
176843180
656227605
604376325
333182300
1822038400
735596301
543893840
136840011
289884870
3298951460
3402715500
1017709216
158269188
3605813280
413926970
154395750
1640316007
80829819
3228965269
979903122
1725294555
483468741
1420483472
821915121
2909743089
694224900
319870131
1913568712
454379354
1995692850
542470482
495948952
87365292
1975216992
1281861944
920155020
164199402
1194705702
63751898
230497003
1901834892
518225472
17866895
1576446852
324097992
2828075500
683826840
164522295
61460208
1047933788
1283273563
458803096
622788416
1248700096
877228860
64060464
249580960
884219935
438036742
188629035
890121296
2262225080
1136731344
795303552
1875521472
1230383624
3294239645
19789035
569688733
625243025
1680900312
3267068742
598838280
1399606557
3510872640
865381876
1727223540
565545640
402953088
429720032
565119357
808227936
897659620
1109785131
1714300728
712983174
15449504
249621872
1676855503
905953237
1721583564
503338686
1105664217
1129099272
783145800
2876572860
156980001
291962870
3782308516
236009302
94692480
4067792052
128080296
1085304793
2733519189
1023155672
237176704
6218004
100082998
617776064
92008182
876580180
1300766820
3241826610
2085565248
398745900
1361580102
2342716910
783622600
1477886880
2273384124
1400716800
1888451516
1199832830
2278073350
8390108
34296349
550829539
1950712425
135094062
