326500352
1194852352
1247281152
709361664
3048210432
3262119936
1375207424
572260352
1833959424
1822949376
3056599040
1028128768
623640576
198836224
230031360
847773696
75694080
935854080
776208384
791937024
619970560
305528832
1763180544
494665728
54951936
1207435264
625213440
295829504
91914240
322043904
38748160
1922039808
371982336
327548928
247332864
756547584
121798656
924319744
1104674816
834142208
706478080
210567168
3236954112
388104192
3155165184
1391984640
7096320
1972371456
2238709760
431226880
436469760
1938817024
366084096
203882496
1922039808
277217280
1668284416
74678272
908328960
382074880
2928672768
1297612800
2211446784
421134336
9400320
2299527168
2119172096
21012480
3650093056
409862144
1724907520
1695547392
1158152192
601620480
1528299520
460062720
1105723392
336199680
270925824
47366144
1724907520
59473920
500957184
1045954560
76578816
989331456
112394240
2106589184
44728320
1439170560
93945856
4716544
118947840
270925824
136249344
1420296192
1349517312
507248640
3526361088
73957376
1435500544
825753600
1082654720
1391984640
527695872
336199680
1833959424
2312110080
1256718336
2312110080
471728128
3765436416
2570059776
302776320
2299527168
2249195520
1668284416
2167406592
572260352
2366636032
203292672
2192572416
1631059968
1938817024
211877888
591659008
1105723392
1059586048
2689597440
605552640
3287285760
1108869120
81952768
2576351232
51363840
247332864
3897556992
224788480
3765436416
40550400
357826560
218234880
219873280
813170688
1420296192
425328640
302776320
1745879040
1703411712
1945108480
77496320
8458240
3765436416
1590689792
1059586048
185794560
1355284480
151388160
24330240
81952768
2750414848
29736960
1435500544
1330118656
85098496
702283776
916979712
2056257536
270925824
2412773376
69107712
2085617664
2450522112
311820288
1404567552
1882718208
2620391424
1439170560
71532544
84869120
3901751296
674758656
1470627840
1583874048
419168256
263847936
1922039808
423755776
126812160
2312110080
3765436416
1222115328
1258815488
1059586048
2436096
500957184
503709696
40009728
1486356480
42549248
378929152
1183318016
2091909120
376176640
778567680
4161798144
1349517312
30228480
1577582592
30818304
137035776
160038912
702283776
312606720
562298880
847773696
776208384
1758461952
1420296192
598272
1357905920
634126336
1020788736
1750597632
1083703296
163774464
257032192
3287285760
2192572416
601620480
797442048
2878341120
1391984640
1053294592
2110783488
1668284416
862453760
605552640
2249195520
3765436416
2710568960
1239941120
1330118656
454164480
322043904
1453850624
454164480
924319744
343801856
2612002816
5019648
950534144
1823473664
1124597760
2689597440
847511552
140574720
156303360
168689664
63799296
31899648
51232768
1009254400
1010302976
5535744
2834300928
440795136
2167406592
131923968
1009254400
1503133696
778567680
1871708160
1758461952
26951680
2289041408
31309824
1412956160
1412956160
2809135104
1950875648
1823473664
1089994752
220332032
967311360
449576960
109903872
1823473664
34258944
194641920
3633315840
44335104
312606720
437649408
529793024
247332864
1096286208
89456640
5068800
1256718336
1701314560
163905536
3048210432
1763180544
2622488576
882376704
454164480
735313920
1504706560
339476480
22192128
467927040
1798307840
312606720
302776320
137035776
1417150464
42549248
1515716608
243597312
1404567552
44384256
552861696
526647296
104267776
1945108480
908328960
1089994752
1504706560
8564736
2660237312
1577582592
504627200
1798307840
229244928
27475968
127598592
702283776
687603712
28753920
1577582592
52396032
188088320
127598592
3031433216
1945108480
24854528
562298880
205455360
197984256
2018508800
1288175616
2358272
8466432
1420296192
677642240
60456960
281149440
211943424
788791296
732168192
1453850624
206438400
681836544
529793024
1194852352
449576960
3645898752
147914752
322043904
559677440
872939520
33865728
881590272
2825912320
135462912
67665920
27541504
185991168
3287285760
14327808
230031360
363462656
961019904
500957184
486277120
1182269440
147783680
220397568
75399168
1139277824
2330984448
338821120
493092864
1055391744
911474688
815529984
2389704704
3287285760
709361664
2020605952
314703872
235864064
552861696
795344896
695992320
1250426880
1311244288
291373056
1948778496
2085617664
1082654720
61833216
908328960
12165120
41566208
530841600
1618477056
187891712
300810240
674758656
121798656
3390046208
52396032
218824704
582746112
52396032
22978560
1028128768
1922039808
1156055040
1703411712
338558976
2389704704
3778560
911736832
163250176
2570059776
1156055040
1183318016
743964672
260702208
3048210432
1250426880
911736832
1165492224
3155165184
1119354880
40255488
1758461952
2056257536
6580224
339476480
1676673024
44384256
475791360
241827840
1585971200
3390046208
1141899264
289538048
270663680
838336512
11755520
104267776
483655680
3517972480
3645898752
277217280
276168704
2612002816
12374016
1355284480
58834944
2165309440
338558976
406585344
605552640
642252800
1631059968
1557135360
3006267392
202309632
1513095168
788791296
1950875648
3278897152
291373056
1945108480
99418112
572260352
3155165184
250478592
211943424
1848639488
3645898752
441188352
1798307840
36421632
912523264
1256718336
1082654720
34062336
514064384
578027520
467927040
173998080
2179989504
847773696
791937024
1948778496
757858304
4716544
160038912
92897280
3262119936
529793024
18210816
950534144
458489856
252575744
505151488
1567096832
270925824
552337408
788791296
1310195712
674758656
1948778496
2238709760
2834300928
881328128
19816448
943456256
227868672
340393984
2389704704
197984256
338558976
862453760
389283840
189136896
121929728
1626341376
144506880
189464576
1256718336
81887232
1139277824
1903165440
2972712960
640155648
1357905920
3633315840
130351104
2576351232
367656960
354680832
2330984448
1643642880
483655680
1009254400
1524105216
77496320
242352128
175570944
967311360
30228480
1825046528
50970624
752353280
743964672
163250176
2494562304
757858304
84639744
1470627840
825753600
821821440
1816657920
732168192
1225261056
500957184
1464336384
1724907520
1903165440
4029677568
376176640
113967104
1014497280
140574720
16293888
2041577472
1695547392
2316304384
1053294592
3645898752
2020605952
138084352
1901068288
3390046208
326500352
189136896
1585971200
2179989504
1149763584
1578106880
1089994752
1470627840
1464336384
80314368
1886912512
1643642880
1695547392
169738240
1156055040
715653120
2056257536
961019904
67731456
24330240
3773825024
397672448
3526361088
487194624
4029677568
1149763584
123666432
1822949376
3501195264
206438400
2211446784
2907701248
783548416
872939520
49709056
2972712960
1503133696
3645898752
813170688
194641920
806400
1750597632
601620480
986185728
591134720
480509952
112394240
899153920
212664320
2179989504
353239040
337379328
1007419392
2660237312
640155648
185991168
439746560
1758461952
809238528
2316304384
1044480
648806400
487194624
882376704
419168256
3167748096
359792640
2119172096
702283776
252313600
1079808
93945856
2710568960
394526720
552861696
88571904
1578106880
270663680
1684537344
20078592
834142208
237895680
88309760
2907701248
967311360
916979712
1583874048
394526720
54558720
603717632
75399168
882376704
1618477056
18210816
1355284480
882376704
3897556992
619970560
2622488576
353239040
28483584
2494562304
1007419392
1724907520
19488768
322043904
2710568960
1222115328
743964672
715653120
2840592384
3501195264
237895680
354944
2414870528
5486592
143065088
332529664
7598080
2414870528
554434560
1418723328
1848639488
1349517312
1119354880
69304320
644087808
1798307840
494665728
541851648
1156055040
1583874048
157089792
189136896
1503133696
85229568
218824704
1139277824
462159872
2750414848
1435500544
324403200
2412773376
2217738240
2179989504
1418723328
6885376
819724288
1486356480
1330118656
3406823424
231079936
191037440
552861696
2708471808
376176640
357826560
1945108480
797442048
1225261056
989331456
470679552
603717632
69107712
89456640
1247281152
702283776
708575232
3517972480
882376704
1504706560
132448256
548143104
3526361088
756547584
338821120
1119354880
52133888
63143936
176619520
88670208
1028128768
605552640
242352128
467927040
950534144
103219200
603193344
233963520
751566848
2479882240
2612002816
503709696
813170688
1978662912
776208384
1355284480
94044160
1552416768
702283776
1310195712
2110783488
1626341376
559677440
1183318016
286130176
181731328
1464336384
1061683200
378273792
791937024
2312110080
130744320
1639448576
1464336384
15654912
112394240
2750414848
3278897152
1833959424
1042808832
462159872
375783424
173998080
562298880
1310195712
1823473664
2028994560
50823168
4029677568
4161798144
84639744
1194852352
1684537344
591659008
314179584
175570944
572260352
974389248
1703411712
2570059776
31899648
1344798720
257032192
3155165184
17326080
6893568
2289041408
2249195520
605552640
60899328
131661824
916979712
1840250880
38191104
412876800
514064384
458489856
284819456
634126336
757858304
1183318016
941359104
1871708160
2414870528
562298880
507248640
30818304
1001914368
175570944
653000704
601620480
340393984
1848639488
715653120
552337408
136249344
289538048
3406823424
3402629120
1009254400
156303360
3501195264
410910720
158531584
1631059968
80314368
3278897152
961019904
1762656256
475267072
1453850624
795344896
2878341120
702283776
314179584
1903165440
449576960
2041577472
541851648
487194624
85950464
1903165440
1285029888
911474688
163774464
1182269440
65028096
229244928
1886912512
520224768
17842176
1583874048
332529664
2783969280
672399360
163250176
60063744
1042808832
1297612800
462159872
612630528
1250426880
881328128
62963712
253624320
879493120
436469760
187891712
912523264
2330984448
1119354880
795344896
1882718208
1247281152
3287285760
20127744
554434560
619970560
1668284416
3278897152
591134720
1355284480
3517972480
872939520
1724907520
552337408
394395648
425328640
562298880
819724288
920125440
1104674816
1703411712
708575232
15458304
251854848
1684537344
912523264
1695023104
507248640
1104674816
1124597760
791937024
2825912320
155910144
289013760
3765436416
237633536
97026048
4029677568
132448256
1108869120
2783969280
1007419392
237895680
6420480
98598912
603717632
92995584
911736832
1297612800
3236954112
2119172096
404619264
1375207424
2316304384
783548416
1487929344
2330984448
1391984640
1882718208
1203240960
2249195520
8466432
34652160
548143104
1903165440
133365760
